(kicad_pcb (version 20171130) (host pcbnew "(5.1.10)-1")

  (general
    (thickness 1.6)
    (drawings 0)
    (tracks 0)
    (zones 0)
    (modules 160)
    (nets 90)
  )

  (page A4)
  (layers
    (0 F.Cu signal)
    (31 B.Cu signal)
    (32 B.Adhes user)
    (33 F.Adhes user)
    (34 B.Paste user)
    (35 F.Paste user)
    (36 B.SilkS user)
    (37 F.SilkS user)
    (38 B.Mask user)
    (39 F.Mask user)
    (40 Dwgs.User user)
    (41 Cmts.User user)
    (42 Eco1.User user)
    (43 Eco2.User user)
    (44 Edge.Cuts user)
    (45 Margin user)
    (46 B.CrtYd user)
    (47 F.CrtYd user)
    (48 B.Fab user)
    (49 F.Fab user)
  )

  (setup
    (last_trace_width 0.25)
    (trace_clearance 0.2)
    (zone_clearance 0.508)
    (zone_45_only no)
    (trace_min 0.2)
    (via_size 0.8)
    (via_drill 0.4)
    (via_min_size 0.4)
    (via_min_drill 0.3)
    (uvia_size 0.3)
    (uvia_drill 0.1)
    (uvias_allowed no)
    (uvia_min_size 0.2)
    (uvia_min_drill 0.1)
    (edge_width 0.05)
    (segment_width 0.2)
    (pcb_text_width 0.3)
    (pcb_text_size 1.5 1.5)
    (mod_edge_width 0.12)
    (mod_text_size 1 1)
    (mod_text_width 0.15)
    (pad_size 1.524 1.524)
    (pad_drill 0.762)
    (pad_to_mask_clearance 0)
    (aux_axis_origin 0 0)
    (visible_elements 7FFFFFFF)
    (pcbplotparams
      (layerselection 0x010fc_ffffffff)
      (usegerberextensions false)
      (usegerberattributes true)
      (usegerberadvancedattributes true)
      (creategerberjobfile true)
      (excludeedgelayer true)
      (linewidth 0.100000)
      (plotframeref false)
      (viasonmask false)
      (mode 1)
      (useauxorigin false)
      (hpglpennumber 1)
      (hpglpenspeed 20)
      (hpglpendiameter 15.000000)
      (psnegative false)
      (psa4output false)
      (plotreference true)
      (plotvalue true)
      (plotinvisibletext false)
      (padsonsilk false)
      (subtractmaskfromsilk false)
      (outputformat 1)
      (mirror false)
      (drillshape 1)
      (scaleselection 1)
      (outputdirectory ""))
  )

  (net 0 "")
  (net 1 +5V)
  (net 2 GND)
  (net 3 +10V)
  (net 4 "Net-(C29-Pad1)")
  (net 5 /Sheet61848857/HSA)
  (net 6 "Net-(C34-Pad2)")
  (net 7 "Net-(C35-Pad1)")
  (net 8 "Net-(C36-Pad1)")
  (net 9 "Net-(C37-Pad1)")
  (net 10 "Net-(C38-Pad1)")
  (net 11 "Net-(C39-Pad2)")
  (net 12 /Sheet61848857/HSB)
  (net 13 "Net-(C42-Pad1)")
  (net 14 "Net-(C43-Pad1)")
  (net 15 "Net-(C44-Pad1)")
  (net 16 /Sheet61848857/Iin_Sense)
  (net 17 /Sheet61848857/Iout_Sense)
  (net 18 +3.3VA)
  (net 19 Vin_Sense)
  (net 20 /Sheet61848857/Vout_Sense)
  (net 21 /Sheet61848857/Vout)
  (net 22 "Net-(C56-Pad1)")
  (net 23 "Net-(C57-Pad1)")
  (net 24 "Net-(C91-Pad2)")
  (net 25 "Net-(C91-Pad1)")
  (net 26 "Net-(C92-Pad1)")
  (net 27 "Net-(C92-Pad2)")
  (net 28 /Sheet61848857/Boost_EN)
  (net 29 /Sheet61848857/HOA)
  (net 30 "Net-(D14-Pad2)")
  (net 31 /Sheet61848857/HOB)
  (net 32 "Net-(D15-Pad2)")
  (net 33 "Net-(D21-Pad2)")
  (net 34 /Sheet61848857/LOA)
  (net 35 /Sheet61848857/LOB)
  (net 36 "Net-(D22-Pad2)")
  (net 37 "Net-(F1-Pad2)")
  (net 38 "Net-(F2-Pad2)")
  (net 39 Iin_Sense-)
  (net 40 Iout_Sense+)
  (net 41 "Net-(J10-Pad2)")
  (net 42 "Net-(J10-Pad1)")
  (net 43 /Sheet61848857/Vout_BSense)
  (net 44 /Sheet61848857/Vin_BSense)
  (net 45 "Net-(Q1-Pad1)")
  (net 46 HIB_72295)
  (net 47 HIB_72442)
  (net 48 "Net-(Q5-Pad1)")
  (net 49 "Net-(Q6-Pad1)")
  (net 50 "Net-(R33-Pad1)")
  (net 51 "Net-(R38-Pad2)")
  (net 52 "Net-(R39-Pad2)")
  (net 53 "Net-(R40-Pad2)")
  (net 54 "Net-(R41-Pad2)")
  (net 55 "Net-(R44-Pad2)")
  (net 56 "Net-(R47-Pad1)")
  (net 57 "Net-(R49-Pad1)")
  (net 58 "Net-(R50-Pad1)")
  (net 59 "Net-(R57-Pad2)")
  (net 60 Iin_Sense+)
  (net 61 Iout_Sense-)
  (net 62 "Net-(R80-Pad2)")
  (net 63 "Net-(R82-Pad2)")
  (net 64 "Net-(R89-Pad1)")
  (net 65 "Net-(R90-Pad1)")
  (net 66 "Net-(R91-Pad2)")
  (net 67 "Net-(R92-Pad2)")
  (net 68 "Net-(R93-Pad1)")
  (net 69 "Net-(R94-Pad1)")
  (net 70 "Net-(R109-Pad1)")
  (net 71 "Net-(U8-Pad2)")
  (net 72 "Net-(U8-Pad10)")
  (net 73 "Net-(U8-Pad11)")
  (net 74 "Net-(U10-Pad9)")
  (net 75 "Net-(U10-Pad4)")
  (net 76 "Net-(U10-Pad11)")
  (net 77 "Net-(U10-Pad15)")
  (net 78 "Net-(U10A1-Pad5)")
  (net 79 "Net-(U10A1-Pad6)")
  (net 80 "Net-(U10A1-Pad7)")
  (net 81 "Net-(U10B1-Pad3)")
  (net 82 "Net-(U10B1-Pad2)")
  (net 83 "Net-(U10B1-Pad1)")
  (net 84 "Net-(U11A1-Pad5)")
  (net 85 "Net-(U11A1-Pad6)")
  (net 86 "Net-(U11A1-Pad7)")
  (net 87 "Net-(U11B1-Pad1)")
  (net 88 "Net-(U11B1-Pad2)")
  (net 89 "Net-(U11B1-Pad3)")

  (net_class Default "This is the default net class."
    (clearance 0.2)
    (trace_width 0.25)
    (via_dia 0.8)
    (via_drill 0.4)
    (uvia_dia 0.3)
    (uvia_drill 0.1)
    (add_net +10V)
    (add_net +3.3VA)
    (add_net +5V)
    (add_net /Sheet61848857/Boost_EN)
    (add_net /Sheet61848857/HOA)
    (add_net /Sheet61848857/HOB)
    (add_net /Sheet61848857/HSA)
    (add_net /Sheet61848857/HSB)
    (add_net /Sheet61848857/Iin_Sense)
    (add_net /Sheet61848857/Iout_Sense)
    (add_net /Sheet61848857/LOA)
    (add_net /Sheet61848857/LOB)
    (add_net /Sheet61848857/Vin_BSense)
    (add_net /Sheet61848857/Vout)
    (add_net /Sheet61848857/Vout_BSense)
    (add_net /Sheet61848857/Vout_Sense)
    (add_net GND)
    (add_net HIB_72295)
    (add_net HIB_72442)
    (add_net Iin_Sense+)
    (add_net Iin_Sense-)
    (add_net Iout_Sense+)
    (add_net Iout_Sense-)
    (add_net "Net-(C29-Pad1)")
    (add_net "Net-(C34-Pad2)")
    (add_net "Net-(C35-Pad1)")
    (add_net "Net-(C36-Pad1)")
    (add_net "Net-(C37-Pad1)")
    (add_net "Net-(C38-Pad1)")
    (add_net "Net-(C39-Pad2)")
    (add_net "Net-(C42-Pad1)")
    (add_net "Net-(C43-Pad1)")
    (add_net "Net-(C44-Pad1)")
    (add_net "Net-(C56-Pad1)")
    (add_net "Net-(C57-Pad1)")
    (add_net "Net-(C91-Pad1)")
    (add_net "Net-(C91-Pad2)")
    (add_net "Net-(C92-Pad1)")
    (add_net "Net-(C92-Pad2)")
    (add_net "Net-(D14-Pad2)")
    (add_net "Net-(D15-Pad2)")
    (add_net "Net-(D21-Pad2)")
    (add_net "Net-(D22-Pad2)")
    (add_net "Net-(F1-Pad2)")
    (add_net "Net-(F2-Pad2)")
    (add_net "Net-(J10-Pad1)")
    (add_net "Net-(J10-Pad2)")
    (add_net "Net-(Q1-Pad1)")
    (add_net "Net-(Q5-Pad1)")
    (add_net "Net-(Q6-Pad1)")
    (add_net "Net-(R109-Pad1)")
    (add_net "Net-(R33-Pad1)")
    (add_net "Net-(R38-Pad2)")
    (add_net "Net-(R39-Pad2)")
    (add_net "Net-(R40-Pad2)")
    (add_net "Net-(R41-Pad2)")
    (add_net "Net-(R44-Pad2)")
    (add_net "Net-(R47-Pad1)")
    (add_net "Net-(R49-Pad1)")
    (add_net "Net-(R50-Pad1)")
    (add_net "Net-(R57-Pad2)")
    (add_net "Net-(R80-Pad2)")
    (add_net "Net-(R82-Pad2)")
    (add_net "Net-(R89-Pad1)")
    (add_net "Net-(R90-Pad1)")
    (add_net "Net-(R91-Pad2)")
    (add_net "Net-(R92-Pad2)")
    (add_net "Net-(R93-Pad1)")
    (add_net "Net-(R94-Pad1)")
    (add_net "Net-(U10-Pad11)")
    (add_net "Net-(U10-Pad15)")
    (add_net "Net-(U10-Pad4)")
    (add_net "Net-(U10-Pad9)")
    (add_net "Net-(U10A1-Pad5)")
    (add_net "Net-(U10A1-Pad6)")
    (add_net "Net-(U10A1-Pad7)")
    (add_net "Net-(U10B1-Pad1)")
    (add_net "Net-(U10B1-Pad2)")
    (add_net "Net-(U10B1-Pad3)")
    (add_net "Net-(U11A1-Pad5)")
    (add_net "Net-(U11A1-Pad6)")
    (add_net "Net-(U11A1-Pad7)")
    (add_net "Net-(U11B1-Pad1)")
    (add_net "Net-(U11B1-Pad2)")
    (add_net "Net-(U11B1-Pad3)")
    (add_net "Net-(U8-Pad10)")
    (add_net "Net-(U8-Pad11)")
    (add_net "Net-(U8-Pad2)")
    (add_net Vin_Sense)
  )

  (module DFLS1200-7:Diodes_Inc.-PowerDI123-03_2017-0-MFG (layer F.Cu) (tedit 5EF13F79) (tstamp 619DD43A)
    (at 149.47 164.085001)
    (path /61848858/61748C36)
    (fp_text reference C27 (at -1.65 -1.915) (layer F.SilkS)
      (effects (font (size 1 1) (thickness 0.15)) (justify left))
    )
    (fp_text value 0.1uF (at 0 0) (layer F.SilkS)
      (effects (font (size 1.27 1.27) (thickness 0.15)))
    )
    (fp_line (start 2.074999 0.99) (end 2.074999 -0.99) (layer F.CrtYd) (width 0.15))
    (fp_line (start -2.074999 0.99) (end 2.074999 0.99) (layer F.CrtYd) (width 0.15))
    (fp_line (start -2.074999 -0.99) (end -2.074999 0.99) (layer F.CrtYd) (width 0.15))
    (fp_line (start 2.074999 -0.99) (end -2.074999 -0.99) (layer F.CrtYd) (width 0.15))
    (fp_line (start 2.074999 -0.99) (end 2.074999 -0.99) (layer F.CrtYd) (width 0.15))
    (fp_line (start -1.5 1.125) (end 1.5 1.125) (layer F.SilkS) (width 0.15))
    (fp_line (start -1.5 -1.125) (end 1.5 -1.125) (layer F.SilkS) (width 0.15))
    (fp_circle (center 2.599999 0) (end 2.724999 0) (layer F.SilkS) (width 0.25))
    (fp_line (start 1.5 0.965) (end -1.5 0.965) (layer F.Fab) (width 0.15))
    (fp_line (start 1.5 -0.965) (end 1.5 0.965) (layer F.Fab) (width 0.15))
    (fp_line (start -1.5 -0.965) (end 1.5 -0.965) (layer F.Fab) (width 0.15))
    (fp_line (start -1.5 0.965) (end -1.5 -0.965) (layer F.Fab) (width 0.15))
    (pad 1 smd rect (at 0.849999 0) (size 2.4 1.5) (layers F.Cu F.Paste F.Mask)
      (net 2 GND))
    (pad 2 smd rect (at -1.525 0) (size 1.05 1.5) (layers F.Cu F.Paste F.Mask)
      (net 1 +5V))
    (model eec.models/Diodes_Inc._-_DFLS1200-7.step
      (at (xyz 0 0 0))
      (scale (xyz 1 1 1))
      (rotate (xyz 0 0 0))
    )
  )

  (module Capacitor_SMD:C_0805_2012Metric (layer F.Cu) (tedit 5F68FEEE) (tstamp 619DD44B)
    (at 171.755001 153.940001)
    (descr "Capacitor SMD 0805 (2012 Metric), square (rectangular) end terminal, IPC_7351 nominal, (Body size source: IPC-SM-782 page 76, https://www.pcb-3d.com/wordpress/wp-content/uploads/ipc-sm-782a_amendment_1_and_2.pdf, https://docs.google.com/spreadsheets/d/1BsfQQcO9C6DZCsRaXUlFlo91Tg2WpOkGARC1WS5S8t0/edit?usp=sharing), generated with kicad-footprint-generator")
    (tags capacitor)
    (path /61848858/61749682)
    (attr smd)
    (fp_text reference C28 (at 0 -1.68) (layer F.SilkS)
      (effects (font (size 1 1) (thickness 0.15)))
    )
    (fp_text value 1uF (at 0 1.68) (layer F.Fab)
      (effects (font (size 1 1) (thickness 0.15)))
    )
    (fp_text user %R (at 0 0) (layer F.Fab)
      (effects (font (size 0.5 0.5) (thickness 0.08)))
    )
    (fp_line (start -1 0.625) (end -1 -0.625) (layer F.Fab) (width 0.1))
    (fp_line (start -1 -0.625) (end 1 -0.625) (layer F.Fab) (width 0.1))
    (fp_line (start 1 -0.625) (end 1 0.625) (layer F.Fab) (width 0.1))
    (fp_line (start 1 0.625) (end -1 0.625) (layer F.Fab) (width 0.1))
    (fp_line (start -0.261252 -0.735) (end 0.261252 -0.735) (layer F.SilkS) (width 0.12))
    (fp_line (start -0.261252 0.735) (end 0.261252 0.735) (layer F.SilkS) (width 0.12))
    (fp_line (start -1.7 0.98) (end -1.7 -0.98) (layer F.CrtYd) (width 0.05))
    (fp_line (start -1.7 -0.98) (end 1.7 -0.98) (layer F.CrtYd) (width 0.05))
    (fp_line (start 1.7 -0.98) (end 1.7 0.98) (layer F.CrtYd) (width 0.05))
    (fp_line (start 1.7 0.98) (end -1.7 0.98) (layer F.CrtYd) (width 0.05))
    (pad 2 smd roundrect (at 0.95 0) (size 1 1.45) (layers F.Cu F.Paste F.Mask) (roundrect_rratio 0.25)
      (net 2 GND))
    (pad 1 smd roundrect (at -0.95 0) (size 1 1.45) (layers F.Cu F.Paste F.Mask) (roundrect_rratio 0.25)
      (net 3 +10V))
    (model ${KISYS3DMOD}/Capacitor_SMD.3dshapes/C_0805_2012Metric.wrl
      (at (xyz 0 0 0))
      (scale (xyz 1 1 1))
      (rotate (xyz 0 0 0))
    )
  )

  (module CL05A225MQ5NNNC:CAPC1005X55N (layer F.Cu) (tedit 619AAB19) (tstamp 619DD45B)
    (at 196.645001 141.410001)
    (path /61848858/616EAEB9)
    (fp_text reference C29 (at -0.038306 -0.758223) (layer F.SilkS)
      (effects (font (size 0.241854 0.241854) (thickness 0.15)))
    )
    (fp_text value 2.2uF (at 1.036662 0.854076) (layer F.Fab)
      (effects (font (size 0.241833 0.241833) (thickness 0.15)))
    )
    (fp_line (start 0.53 -0.28) (end -0.53 -0.28) (layer F.Fab) (width 0.127))
    (fp_line (start -0.53 -0.28) (end -0.53 0.28) (layer F.Fab) (width 0.127))
    (fp_line (start -0.53 0.28) (end 0.53 0.28) (layer F.Fab) (width 0.127))
    (fp_line (start 0.53 0.28) (end 0.53 -0.28) (layer F.Fab) (width 0.127))
    (fp_line (start 0.5 -0.48) (end -0.5 -0.48) (layer F.SilkS) (width 0.127))
    (fp_line (start -0.5 0.48) (end 0.5 0.48) (layer F.SilkS) (width 0.127))
    (fp_line (start 0.85 -0.54) (end -0.85 -0.54) (layer F.CrtYd) (width 0.05))
    (fp_line (start -0.85 -0.54) (end -0.85 0.54) (layer F.CrtYd) (width 0.05))
    (fp_line (start -0.85 0.54) (end 0.85 0.54) (layer F.CrtYd) (width 0.05))
    (fp_line (start 0.85 0.54) (end 0.85 -0.54) (layer F.CrtYd) (width 0.05))
    (pad 2 smd roundrect (at 0.43 0) (size 0.54 0.6) (layers F.Cu F.Paste F.Mask) (roundrect_rratio 0.14)
      (net 2 GND))
    (pad 1 smd roundrect (at -0.43 0) (size 0.54 0.6) (layers F.Cu F.Paste F.Mask) (roundrect_rratio 0.14)
      (net 4 "Net-(C29-Pad1)"))
  )

  (module Capacitor_SMD:C_0805_2012Metric (layer F.Cu) (tedit 5F68FEEE) (tstamp 619DD46C)
    (at 180.575001 143.990001)
    (descr "Capacitor SMD 0805 (2012 Metric), square (rectangular) end terminal, IPC_7351 nominal, (Body size source: IPC-SM-782 page 76, https://www.pcb-3d.com/wordpress/wp-content/uploads/ipc-sm-782a_amendment_1_and_2.pdf, https://docs.google.com/spreadsheets/d/1BsfQQcO9C6DZCsRaXUlFlo91Tg2WpOkGARC1WS5S8t0/edit?usp=sharing), generated with kicad-footprint-generator")
    (tags capacitor)
    (path /61848858/616EB643)
    (attr smd)
    (fp_text reference C30 (at 0 -1.68) (layer F.SilkS)
      (effects (font (size 1 1) (thickness 0.15)))
    )
    (fp_text value 0.01uF (at 0 1.68) (layer F.Fab)
      (effects (font (size 1 1) (thickness 0.15)))
    )
    (fp_line (start 1.7 0.98) (end -1.7 0.98) (layer F.CrtYd) (width 0.05))
    (fp_line (start 1.7 -0.98) (end 1.7 0.98) (layer F.CrtYd) (width 0.05))
    (fp_line (start -1.7 -0.98) (end 1.7 -0.98) (layer F.CrtYd) (width 0.05))
    (fp_line (start -1.7 0.98) (end -1.7 -0.98) (layer F.CrtYd) (width 0.05))
    (fp_line (start -0.261252 0.735) (end 0.261252 0.735) (layer F.SilkS) (width 0.12))
    (fp_line (start -0.261252 -0.735) (end 0.261252 -0.735) (layer F.SilkS) (width 0.12))
    (fp_line (start 1 0.625) (end -1 0.625) (layer F.Fab) (width 0.1))
    (fp_line (start 1 -0.625) (end 1 0.625) (layer F.Fab) (width 0.1))
    (fp_line (start -1 -0.625) (end 1 -0.625) (layer F.Fab) (width 0.1))
    (fp_line (start -1 0.625) (end -1 -0.625) (layer F.Fab) (width 0.1))
    (fp_text user %R (at 0 0) (layer F.Fab)
      (effects (font (size 0.5 0.5) (thickness 0.08)))
    )
    (pad 1 smd roundrect (at -0.95 0) (size 1 1.45) (layers F.Cu F.Paste F.Mask) (roundrect_rratio 0.25)
      (net 4 "Net-(C29-Pad1)"))
    (pad 2 smd roundrect (at 0.95 0) (size 1 1.45) (layers F.Cu F.Paste F.Mask) (roundrect_rratio 0.25)
      (net 2 GND))
    (model ${KISYS3DMOD}/Capacitor_SMD.3dshapes/C_0805_2012Metric.wrl
      (at (xyz 0 0 0))
      (scale (xyz 1 1 1))
      (rotate (xyz 0 0 0))
    )
  )

  (module CL05A225MQ5NNNC:CAPC1005X55N (layer F.Cu) (tedit 619AAB19) (tstamp 619DD47C)
    (at 197.005001 143.540001)
    (path /61848858/61705AF9)
    (fp_text reference C31 (at -0.038306 -0.758223) (layer F.SilkS)
      (effects (font (size 0.241854 0.241854) (thickness 0.15)))
    )
    (fp_text value 2.2uF (at 1.036662 0.854076) (layer F.Fab)
      (effects (font (size 0.241833 0.241833) (thickness 0.15)))
    )
    (fp_line (start 0.53 -0.28) (end -0.53 -0.28) (layer F.Fab) (width 0.127))
    (fp_line (start -0.53 -0.28) (end -0.53 0.28) (layer F.Fab) (width 0.127))
    (fp_line (start -0.53 0.28) (end 0.53 0.28) (layer F.Fab) (width 0.127))
    (fp_line (start 0.53 0.28) (end 0.53 -0.28) (layer F.Fab) (width 0.127))
    (fp_line (start 0.5 -0.48) (end -0.5 -0.48) (layer F.SilkS) (width 0.127))
    (fp_line (start -0.5 0.48) (end 0.5 0.48) (layer F.SilkS) (width 0.127))
    (fp_line (start 0.85 -0.54) (end -0.85 -0.54) (layer F.CrtYd) (width 0.05))
    (fp_line (start -0.85 -0.54) (end -0.85 0.54) (layer F.CrtYd) (width 0.05))
    (fp_line (start -0.85 0.54) (end 0.85 0.54) (layer F.CrtYd) (width 0.05))
    (fp_line (start 0.85 0.54) (end 0.85 -0.54) (layer F.CrtYd) (width 0.05))
    (pad 2 smd roundrect (at 0.43 0) (size 0.54 0.6) (layers F.Cu F.Paste F.Mask) (roundrect_rratio 0.14)
      (net 2 GND))
    (pad 1 smd roundrect (at -0.43 0) (size 0.54 0.6) (layers F.Cu F.Paste F.Mask) (roundrect_rratio 0.14)
      (net 1 +5V))
  )

  (module Capacitor_SMD:C_0805_2012Metric (layer F.Cu) (tedit 5F68FEEE) (tstamp 619DD48D)
    (at 183.445001 139.340001)
    (descr "Capacitor SMD 0805 (2012 Metric), square (rectangular) end terminal, IPC_7351 nominal, (Body size source: IPC-SM-782 page 76, https://www.pcb-3d.com/wordpress/wp-content/uploads/ipc-sm-782a_amendment_1_and_2.pdf, https://docs.google.com/spreadsheets/d/1BsfQQcO9C6DZCsRaXUlFlo91Tg2WpOkGARC1WS5S8t0/edit?usp=sharing), generated with kicad-footprint-generator")
    (tags capacitor)
    (path /61848858/6170668F)
    (attr smd)
    (fp_text reference C32 (at 0 -1.68) (layer F.SilkS)
      (effects (font (size 1 1) (thickness 0.15)))
    )
    (fp_text value 0.01uF (at 0 1.68) (layer F.Fab)
      (effects (font (size 1 1) (thickness 0.15)))
    )
    (fp_text user %R (at 0 0) (layer F.Fab)
      (effects (font (size 0.5 0.5) (thickness 0.08)))
    )
    (fp_line (start -1 0.625) (end -1 -0.625) (layer F.Fab) (width 0.1))
    (fp_line (start -1 -0.625) (end 1 -0.625) (layer F.Fab) (width 0.1))
    (fp_line (start 1 -0.625) (end 1 0.625) (layer F.Fab) (width 0.1))
    (fp_line (start 1 0.625) (end -1 0.625) (layer F.Fab) (width 0.1))
    (fp_line (start -0.261252 -0.735) (end 0.261252 -0.735) (layer F.SilkS) (width 0.12))
    (fp_line (start -0.261252 0.735) (end 0.261252 0.735) (layer F.SilkS) (width 0.12))
    (fp_line (start -1.7 0.98) (end -1.7 -0.98) (layer F.CrtYd) (width 0.05))
    (fp_line (start -1.7 -0.98) (end 1.7 -0.98) (layer F.CrtYd) (width 0.05))
    (fp_line (start 1.7 -0.98) (end 1.7 0.98) (layer F.CrtYd) (width 0.05))
    (fp_line (start 1.7 0.98) (end -1.7 0.98) (layer F.CrtYd) (width 0.05))
    (pad 2 smd roundrect (at 0.95 0) (size 1 1.45) (layers F.Cu F.Paste F.Mask) (roundrect_rratio 0.25)
      (net 2 GND))
    (pad 1 smd roundrect (at -0.95 0) (size 1 1.45) (layers F.Cu F.Paste F.Mask) (roundrect_rratio 0.25)
      (net 1 +5V))
    (model ${KISYS3DMOD}/Capacitor_SMD.3dshapes/C_0805_2012Metric.wrl
      (at (xyz 0 0 0))
      (scale (xyz 1 1 1))
      (rotate (xyz 0 0 0))
    )
  )

  (module Capacitor_SMD:C_0805_2012Metric (layer F.Cu) (tedit 5F68FEEE) (tstamp 619DD49E)
    (at 187.895001 139.340001)
    (descr "Capacitor SMD 0805 (2012 Metric), square (rectangular) end terminal, IPC_7351 nominal, (Body size source: IPC-SM-782 page 76, https://www.pcb-3d.com/wordpress/wp-content/uploads/ipc-sm-782a_amendment_1_and_2.pdf, https://docs.google.com/spreadsheets/d/1BsfQQcO9C6DZCsRaXUlFlo91Tg2WpOkGARC1WS5S8t0/edit?usp=sharing), generated with kicad-footprint-generator")
    (tags capacitor)
    (path /61848858/61749BAD)
    (attr smd)
    (fp_text reference C33 (at 0 -1.68) (layer F.SilkS)
      (effects (font (size 1 1) (thickness 0.15)))
    )
    (fp_text value 1uF (at 0 1.68) (layer F.Fab)
      (effects (font (size 1 1) (thickness 0.15)))
    )
    (fp_text user %R (at 0 0) (layer F.Fab)
      (effects (font (size 0.5 0.5) (thickness 0.08)))
    )
    (fp_line (start -1 0.625) (end -1 -0.625) (layer F.Fab) (width 0.1))
    (fp_line (start -1 -0.625) (end 1 -0.625) (layer F.Fab) (width 0.1))
    (fp_line (start 1 -0.625) (end 1 0.625) (layer F.Fab) (width 0.1))
    (fp_line (start 1 0.625) (end -1 0.625) (layer F.Fab) (width 0.1))
    (fp_line (start -0.261252 -0.735) (end 0.261252 -0.735) (layer F.SilkS) (width 0.12))
    (fp_line (start -0.261252 0.735) (end 0.261252 0.735) (layer F.SilkS) (width 0.12))
    (fp_line (start -1.7 0.98) (end -1.7 -0.98) (layer F.CrtYd) (width 0.05))
    (fp_line (start -1.7 -0.98) (end 1.7 -0.98) (layer F.CrtYd) (width 0.05))
    (fp_line (start 1.7 -0.98) (end 1.7 0.98) (layer F.CrtYd) (width 0.05))
    (fp_line (start 1.7 0.98) (end -1.7 0.98) (layer F.CrtYd) (width 0.05))
    (pad 2 smd roundrect (at 0.95 0) (size 1 1.45) (layers F.Cu F.Paste F.Mask) (roundrect_rratio 0.25)
      (net 2 GND))
    (pad 1 smd roundrect (at -0.95 0) (size 1 1.45) (layers F.Cu F.Paste F.Mask) (roundrect_rratio 0.25)
      (net 3 +10V))
    (model ${KISYS3DMOD}/Capacitor_SMD.3dshapes/C_0805_2012Metric.wrl
      (at (xyz 0 0 0))
      (scale (xyz 1 1 1))
      (rotate (xyz 0 0 0))
    )
  )

  (module Capacitor_SMD:C_0805_2012Metric (layer F.Cu) (tedit 5F68FEEE) (tstamp 619DD4AF)
    (at 163.945001 163.440001)
    (descr "Capacitor SMD 0805 (2012 Metric), square (rectangular) end terminal, IPC_7351 nominal, (Body size source: IPC-SM-782 page 76, https://www.pcb-3d.com/wordpress/wp-content/uploads/ipc-sm-782a_amendment_1_and_2.pdf, https://docs.google.com/spreadsheets/d/1BsfQQcO9C6DZCsRaXUlFlo91Tg2WpOkGARC1WS5S8t0/edit?usp=sharing), generated with kicad-footprint-generator")
    (tags capacitor)
    (path /61848858/617AE040)
    (attr smd)
    (fp_text reference C34 (at 0 -1.68) (layer F.SilkS)
      (effects (font (size 1 1) (thickness 0.15)))
    )
    (fp_text value 0.47uF (at 0 1.68) (layer F.Fab)
      (effects (font (size 1 1) (thickness 0.15)))
    )
    (fp_text user %R (at 0 0) (layer F.Fab)
      (effects (font (size 0.5 0.5) (thickness 0.08)))
    )
    (fp_line (start -1 0.625) (end -1 -0.625) (layer F.Fab) (width 0.1))
    (fp_line (start -1 -0.625) (end 1 -0.625) (layer F.Fab) (width 0.1))
    (fp_line (start 1 -0.625) (end 1 0.625) (layer F.Fab) (width 0.1))
    (fp_line (start 1 0.625) (end -1 0.625) (layer F.Fab) (width 0.1))
    (fp_line (start -0.261252 -0.735) (end 0.261252 -0.735) (layer F.SilkS) (width 0.12))
    (fp_line (start -0.261252 0.735) (end 0.261252 0.735) (layer F.SilkS) (width 0.12))
    (fp_line (start -1.7 0.98) (end -1.7 -0.98) (layer F.CrtYd) (width 0.05))
    (fp_line (start -1.7 -0.98) (end 1.7 -0.98) (layer F.CrtYd) (width 0.05))
    (fp_line (start 1.7 -0.98) (end 1.7 0.98) (layer F.CrtYd) (width 0.05))
    (fp_line (start 1.7 0.98) (end -1.7 0.98) (layer F.CrtYd) (width 0.05))
    (pad 2 smd roundrect (at 0.95 0) (size 1 1.45) (layers F.Cu F.Paste F.Mask) (roundrect_rratio 0.25)
      (net 6 "Net-(C34-Pad2)"))
    (pad 1 smd roundrect (at -0.95 0) (size 1 1.45) (layers F.Cu F.Paste F.Mask) (roundrect_rratio 0.25)
      (net 5 /Sheet61848857/HSA))
    (model ${KISYS3DMOD}/Capacitor_SMD.3dshapes/C_0805_2012Metric.wrl
      (at (xyz 0 0 0))
      (scale (xyz 1 1 1))
      (rotate (xyz 0 0 0))
    )
  )

  (module CL05A104KA5NNNC:CAPC1005X55N (layer F.Cu) (tedit 619AA78D) (tstamp 619DD4BF)
    (at 197.005001 145.670001)
    (path /61848858/616BBF86)
    (fp_text reference C35 (at -0.038306 -0.758223) (layer F.SilkS)
      (effects (font (size 0.241854 0.241854) (thickness 0.15)))
    )
    (fp_text value 0.1uF (at 1.036662 0.854076) (layer F.Fab)
      (effects (font (size 0.241833 0.241833) (thickness 0.15)))
    )
    (fp_line (start 0.85 0.54) (end 0.85 -0.54) (layer F.CrtYd) (width 0.05))
    (fp_line (start -0.85 0.54) (end 0.85 0.54) (layer F.CrtYd) (width 0.05))
    (fp_line (start -0.85 -0.54) (end -0.85 0.54) (layer F.CrtYd) (width 0.05))
    (fp_line (start 0.85 -0.54) (end -0.85 -0.54) (layer F.CrtYd) (width 0.05))
    (fp_line (start -0.5 0.48) (end 0.5 0.48) (layer F.SilkS) (width 0.127))
    (fp_line (start 0.5 -0.48) (end -0.5 -0.48) (layer F.SilkS) (width 0.127))
    (fp_line (start 0.53 0.28) (end 0.53 -0.28) (layer F.Fab) (width 0.127))
    (fp_line (start -0.53 0.28) (end 0.53 0.28) (layer F.Fab) (width 0.127))
    (fp_line (start -0.53 -0.28) (end -0.53 0.28) (layer F.Fab) (width 0.127))
    (fp_line (start 0.53 -0.28) (end -0.53 -0.28) (layer F.Fab) (width 0.127))
    (pad 1 smd roundrect (at -0.43 0) (size 0.54 0.6) (layers F.Cu F.Paste F.Mask) (roundrect_rratio 0.14)
      (net 7 "Net-(C35-Pad1)"))
    (pad 2 smd roundrect (at 0.43 0) (size 0.54 0.6) (layers F.Cu F.Paste F.Mask) (roundrect_rratio 0.14)
      (net 2 GND))
  )

  (module CL05A104KA5NNNC:CAPC1005X55N (layer F.Cu) (tedit 619AA78D) (tstamp 619DD4CF)
    (at 197.005001 147.800001)
    (path /61848858/616BCE02)
    (fp_text reference C36 (at -0.038306 -0.758223) (layer F.SilkS)
      (effects (font (size 0.241854 0.241854) (thickness 0.15)))
    )
    (fp_text value 0.1uF (at 1.036662 0.854076) (layer F.Fab)
      (effects (font (size 0.241833 0.241833) (thickness 0.15)))
    )
    (fp_line (start 0.85 0.54) (end 0.85 -0.54) (layer F.CrtYd) (width 0.05))
    (fp_line (start -0.85 0.54) (end 0.85 0.54) (layer F.CrtYd) (width 0.05))
    (fp_line (start -0.85 -0.54) (end -0.85 0.54) (layer F.CrtYd) (width 0.05))
    (fp_line (start 0.85 -0.54) (end -0.85 -0.54) (layer F.CrtYd) (width 0.05))
    (fp_line (start -0.5 0.48) (end 0.5 0.48) (layer F.SilkS) (width 0.127))
    (fp_line (start 0.5 -0.48) (end -0.5 -0.48) (layer F.SilkS) (width 0.127))
    (fp_line (start 0.53 0.28) (end 0.53 -0.28) (layer F.Fab) (width 0.127))
    (fp_line (start -0.53 0.28) (end 0.53 0.28) (layer F.Fab) (width 0.127))
    (fp_line (start -0.53 -0.28) (end -0.53 0.28) (layer F.Fab) (width 0.127))
    (fp_line (start 0.53 -0.28) (end -0.53 -0.28) (layer F.Fab) (width 0.127))
    (pad 1 smd roundrect (at -0.43 0) (size 0.54 0.6) (layers F.Cu F.Paste F.Mask) (roundrect_rratio 0.14)
      (net 8 "Net-(C36-Pad1)"))
    (pad 2 smd roundrect (at 0.43 0) (size 0.54 0.6) (layers F.Cu F.Paste F.Mask) (roundrect_rratio 0.14)
      (net 2 GND))
  )

  (module CL05A104KA5NNNC:CAPC1005X55N (layer F.Cu) (tedit 619AA78D) (tstamp 619DD4DF)
    (at 183.585001 161.620001)
    (path /61848858/616BD25A)
    (fp_text reference C37 (at -0.038306 -0.758223) (layer F.SilkS)
      (effects (font (size 0.241854 0.241854) (thickness 0.15)))
    )
    (fp_text value 0.1uF (at 1.036662 0.854076) (layer F.Fab)
      (effects (font (size 0.241833 0.241833) (thickness 0.15)))
    )
    (fp_line (start 0.53 -0.28) (end -0.53 -0.28) (layer F.Fab) (width 0.127))
    (fp_line (start -0.53 -0.28) (end -0.53 0.28) (layer F.Fab) (width 0.127))
    (fp_line (start -0.53 0.28) (end 0.53 0.28) (layer F.Fab) (width 0.127))
    (fp_line (start 0.53 0.28) (end 0.53 -0.28) (layer F.Fab) (width 0.127))
    (fp_line (start 0.5 -0.48) (end -0.5 -0.48) (layer F.SilkS) (width 0.127))
    (fp_line (start -0.5 0.48) (end 0.5 0.48) (layer F.SilkS) (width 0.127))
    (fp_line (start 0.85 -0.54) (end -0.85 -0.54) (layer F.CrtYd) (width 0.05))
    (fp_line (start -0.85 -0.54) (end -0.85 0.54) (layer F.CrtYd) (width 0.05))
    (fp_line (start -0.85 0.54) (end 0.85 0.54) (layer F.CrtYd) (width 0.05))
    (fp_line (start 0.85 0.54) (end 0.85 -0.54) (layer F.CrtYd) (width 0.05))
    (pad 2 smd roundrect (at 0.43 0) (size 0.54 0.6) (layers F.Cu F.Paste F.Mask) (roundrect_rratio 0.14)
      (net 2 GND))
    (pad 1 smd roundrect (at -0.43 0) (size 0.54 0.6) (layers F.Cu F.Paste F.Mask) (roundrect_rratio 0.14)
      (net 9 "Net-(C37-Pad1)"))
  )

  (module CL05A104KA5NNNC:CAPC1005X55N (layer F.Cu) (tedit 619AA78D) (tstamp 619DD4EF)
    (at 193.825001 151.450001)
    (path /61848858/616BD5CE)
    (fp_text reference C38 (at -0.038306 -0.758223) (layer F.SilkS)
      (effects (font (size 0.241854 0.241854) (thickness 0.15)))
    )
    (fp_text value 0.1uF (at 1.036662 0.854076) (layer F.Fab)
      (effects (font (size 0.241833 0.241833) (thickness 0.15)))
    )
    (fp_line (start 0.53 -0.28) (end -0.53 -0.28) (layer F.Fab) (width 0.127))
    (fp_line (start -0.53 -0.28) (end -0.53 0.28) (layer F.Fab) (width 0.127))
    (fp_line (start -0.53 0.28) (end 0.53 0.28) (layer F.Fab) (width 0.127))
    (fp_line (start 0.53 0.28) (end 0.53 -0.28) (layer F.Fab) (width 0.127))
    (fp_line (start 0.5 -0.48) (end -0.5 -0.48) (layer F.SilkS) (width 0.127))
    (fp_line (start -0.5 0.48) (end 0.5 0.48) (layer F.SilkS) (width 0.127))
    (fp_line (start 0.85 -0.54) (end -0.85 -0.54) (layer F.CrtYd) (width 0.05))
    (fp_line (start -0.85 -0.54) (end -0.85 0.54) (layer F.CrtYd) (width 0.05))
    (fp_line (start -0.85 0.54) (end 0.85 0.54) (layer F.CrtYd) (width 0.05))
    (fp_line (start 0.85 0.54) (end 0.85 -0.54) (layer F.CrtYd) (width 0.05))
    (pad 2 smd roundrect (at 0.43 0) (size 0.54 0.6) (layers F.Cu F.Paste F.Mask) (roundrect_rratio 0.14)
      (net 2 GND))
    (pad 1 smd roundrect (at -0.43 0) (size 0.54 0.6) (layers F.Cu F.Paste F.Mask) (roundrect_rratio 0.14)
      (net 10 "Net-(C38-Pad1)"))
  )

  (module Capacitor_SMD:C_0805_2012Metric (layer F.Cu) (tedit 5F68FEEE) (tstamp 619DD500)
    (at 185.025001 142.350001)
    (descr "Capacitor SMD 0805 (2012 Metric), square (rectangular) end terminal, IPC_7351 nominal, (Body size source: IPC-SM-782 page 76, https://www.pcb-3d.com/wordpress/wp-content/uploads/ipc-sm-782a_amendment_1_and_2.pdf, https://docs.google.com/spreadsheets/d/1BsfQQcO9C6DZCsRaXUlFlo91Tg2WpOkGARC1WS5S8t0/edit?usp=sharing), generated with kicad-footprint-generator")
    (tags capacitor)
    (path /61848858/617AC194)
    (attr smd)
    (fp_text reference C39 (at 0 -1.68) (layer F.SilkS)
      (effects (font (size 1 1) (thickness 0.15)))
    )
    (fp_text value 0.47uF (at 0 1.68) (layer F.Fab)
      (effects (font (size 1 1) (thickness 0.15)))
    )
    (fp_line (start 1.7 0.98) (end -1.7 0.98) (layer F.CrtYd) (width 0.05))
    (fp_line (start 1.7 -0.98) (end 1.7 0.98) (layer F.CrtYd) (width 0.05))
    (fp_line (start -1.7 -0.98) (end 1.7 -0.98) (layer F.CrtYd) (width 0.05))
    (fp_line (start -1.7 0.98) (end -1.7 -0.98) (layer F.CrtYd) (width 0.05))
    (fp_line (start -0.261252 0.735) (end 0.261252 0.735) (layer F.SilkS) (width 0.12))
    (fp_line (start -0.261252 -0.735) (end 0.261252 -0.735) (layer F.SilkS) (width 0.12))
    (fp_line (start 1 0.625) (end -1 0.625) (layer F.Fab) (width 0.1))
    (fp_line (start 1 -0.625) (end 1 0.625) (layer F.Fab) (width 0.1))
    (fp_line (start -1 -0.625) (end 1 -0.625) (layer F.Fab) (width 0.1))
    (fp_line (start -1 0.625) (end -1 -0.625) (layer F.Fab) (width 0.1))
    (fp_text user %R (at 0 0) (layer F.Fab)
      (effects (font (size 0.5 0.5) (thickness 0.08)))
    )
    (pad 1 smd roundrect (at -0.95 0) (size 1 1.45) (layers F.Cu F.Paste F.Mask) (roundrect_rratio 0.25)
      (net 12 /Sheet61848857/HSB))
    (pad 2 smd roundrect (at 0.95 0) (size 1 1.45) (layers F.Cu F.Paste F.Mask) (roundrect_rratio 0.25)
      (net 11 "Net-(C39-Pad2)"))
    (model ${KISYS3DMOD}/Capacitor_SMD.3dshapes/C_0805_2012Metric.wrl
      (at (xyz 0 0 0))
      (scale (xyz 1 1 1))
      (rotate (xyz 0 0 0))
    )
  )

  (module Capacitor_SMD:C_0805_2012Metric (layer F.Cu) (tedit 5F68FEEE) (tstamp 619DD511)
    (at 177.365001 151.550001)
    (descr "Capacitor SMD 0805 (2012 Metric), square (rectangular) end terminal, IPC_7351 nominal, (Body size source: IPC-SM-782 page 76, https://www.pcb-3d.com/wordpress/wp-content/uploads/ipc-sm-782a_amendment_1_and_2.pdf, https://docs.google.com/spreadsheets/d/1BsfQQcO9C6DZCsRaXUlFlo91Tg2WpOkGARC1WS5S8t0/edit?usp=sharing), generated with kicad-footprint-generator")
    (tags capacitor)
    (path /61848858/616E0EBF)
    (attr smd)
    (fp_text reference C42 (at 0 -1.68) (layer F.SilkS)
      (effects (font (size 1 1) (thickness 0.15)))
    )
    (fp_text value 150pF (at 0 1.68) (layer F.Fab)
      (effects (font (size 1 1) (thickness 0.15)))
    )
    (fp_line (start 1.7 0.98) (end -1.7 0.98) (layer F.CrtYd) (width 0.05))
    (fp_line (start 1.7 -0.98) (end 1.7 0.98) (layer F.CrtYd) (width 0.05))
    (fp_line (start -1.7 -0.98) (end 1.7 -0.98) (layer F.CrtYd) (width 0.05))
    (fp_line (start -1.7 0.98) (end -1.7 -0.98) (layer F.CrtYd) (width 0.05))
    (fp_line (start -0.261252 0.735) (end 0.261252 0.735) (layer F.SilkS) (width 0.12))
    (fp_line (start -0.261252 -0.735) (end 0.261252 -0.735) (layer F.SilkS) (width 0.12))
    (fp_line (start 1 0.625) (end -1 0.625) (layer F.Fab) (width 0.1))
    (fp_line (start 1 -0.625) (end 1 0.625) (layer F.Fab) (width 0.1))
    (fp_line (start -1 -0.625) (end 1 -0.625) (layer F.Fab) (width 0.1))
    (fp_line (start -1 0.625) (end -1 -0.625) (layer F.Fab) (width 0.1))
    (fp_text user %R (at 0 0) (layer F.Fab)
      (effects (font (size 0.5 0.5) (thickness 0.08)))
    )
    (pad 1 smd roundrect (at -0.95 0) (size 1 1.45) (layers F.Cu F.Paste F.Mask) (roundrect_rratio 0.25)
      (net 13 "Net-(C42-Pad1)"))
    (pad 2 smd roundrect (at 0.95 0) (size 1 1.45) (layers F.Cu F.Paste F.Mask) (roundrect_rratio 0.25)
      (net 2 GND))
    (model ${KISYS3DMOD}/Capacitor_SMD.3dshapes/C_0805_2012Metric.wrl
      (at (xyz 0 0 0))
      (scale (xyz 1 1 1))
      (rotate (xyz 0 0 0))
    )
  )

  (module Capacitor_SMD:C_0805_2012Metric (layer F.Cu) (tedit 5F68FEEE) (tstamp 619DD522)
    (at 166.165001 160.240001)
    (descr "Capacitor SMD 0805 (2012 Metric), square (rectangular) end terminal, IPC_7351 nominal, (Body size source: IPC-SM-782 page 76, https://www.pcb-3d.com/wordpress/wp-content/uploads/ipc-sm-782a_amendment_1_and_2.pdf, https://docs.google.com/spreadsheets/d/1BsfQQcO9C6DZCsRaXUlFlo91Tg2WpOkGARC1WS5S8t0/edit?usp=sharing), generated with kicad-footprint-generator")
    (tags capacitor)
    (path /61848858/616E0735)
    (attr smd)
    (fp_text reference C43 (at 0 -1.68) (layer F.SilkS)
      (effects (font (size 1 1) (thickness 0.15)))
    )
    (fp_text value 150pF (at 0 1.68) (layer F.Fab)
      (effects (font (size 1 1) (thickness 0.15)))
    )
    (fp_line (start 1.7 0.98) (end -1.7 0.98) (layer F.CrtYd) (width 0.05))
    (fp_line (start 1.7 -0.98) (end 1.7 0.98) (layer F.CrtYd) (width 0.05))
    (fp_line (start -1.7 -0.98) (end 1.7 -0.98) (layer F.CrtYd) (width 0.05))
    (fp_line (start -1.7 0.98) (end -1.7 -0.98) (layer F.CrtYd) (width 0.05))
    (fp_line (start -0.261252 0.735) (end 0.261252 0.735) (layer F.SilkS) (width 0.12))
    (fp_line (start -0.261252 -0.735) (end 0.261252 -0.735) (layer F.SilkS) (width 0.12))
    (fp_line (start 1 0.625) (end -1 0.625) (layer F.Fab) (width 0.1))
    (fp_line (start 1 -0.625) (end 1 0.625) (layer F.Fab) (width 0.1))
    (fp_line (start -1 -0.625) (end 1 -0.625) (layer F.Fab) (width 0.1))
    (fp_line (start -1 0.625) (end -1 -0.625) (layer F.Fab) (width 0.1))
    (fp_text user %R (at 0 0) (layer F.Fab)
      (effects (font (size 0.5 0.5) (thickness 0.08)))
    )
    (pad 1 smd roundrect (at -0.95 0) (size 1 1.45) (layers F.Cu F.Paste F.Mask) (roundrect_rratio 0.25)
      (net 14 "Net-(C43-Pad1)"))
    (pad 2 smd roundrect (at 0.95 0) (size 1 1.45) (layers F.Cu F.Paste F.Mask) (roundrect_rratio 0.25)
      (net 2 GND))
    (model ${KISYS3DMOD}/Capacitor_SMD.3dshapes/C_0805_2012Metric.wrl
      (at (xyz 0 0 0))
      (scale (xyz 1 1 1))
      (rotate (xyz 0 0 0))
    )
  )

  (module Capacitor_SMD:C_0805_2012Metric (layer F.Cu) (tedit 5F68FEEE) (tstamp 619DD533)
    (at 177.365001 148.540001)
    (descr "Capacitor SMD 0805 (2012 Metric), square (rectangular) end terminal, IPC_7351 nominal, (Body size source: IPC-SM-782 page 76, https://www.pcb-3d.com/wordpress/wp-content/uploads/ipc-sm-782a_amendment_1_and_2.pdf, https://docs.google.com/spreadsheets/d/1BsfQQcO9C6DZCsRaXUlFlo91Tg2WpOkGARC1WS5S8t0/edit?usp=sharing), generated with kicad-footprint-generator")
    (tags capacitor)
    (path /61848858/618A6702)
    (attr smd)
    (fp_text reference C44 (at 0 -1.68) (layer F.SilkS)
      (effects (font (size 1 1) (thickness 0.15)))
    )
    (fp_text value 150pF (at 0 1.68) (layer F.Fab)
      (effects (font (size 1 1) (thickness 0.15)))
    )
    (fp_text user %R (at 0 0) (layer F.Fab)
      (effects (font (size 0.5 0.5) (thickness 0.08)))
    )
    (fp_line (start -1 0.625) (end -1 -0.625) (layer F.Fab) (width 0.1))
    (fp_line (start -1 -0.625) (end 1 -0.625) (layer F.Fab) (width 0.1))
    (fp_line (start 1 -0.625) (end 1 0.625) (layer F.Fab) (width 0.1))
    (fp_line (start 1 0.625) (end -1 0.625) (layer F.Fab) (width 0.1))
    (fp_line (start -0.261252 -0.735) (end 0.261252 -0.735) (layer F.SilkS) (width 0.12))
    (fp_line (start -0.261252 0.735) (end 0.261252 0.735) (layer F.SilkS) (width 0.12))
    (fp_line (start -1.7 0.98) (end -1.7 -0.98) (layer F.CrtYd) (width 0.05))
    (fp_line (start -1.7 -0.98) (end 1.7 -0.98) (layer F.CrtYd) (width 0.05))
    (fp_line (start 1.7 -0.98) (end 1.7 0.98) (layer F.CrtYd) (width 0.05))
    (fp_line (start 1.7 0.98) (end -1.7 0.98) (layer F.CrtYd) (width 0.05))
    (pad 2 smd roundrect (at 0.95 0) (size 1 1.45) (layers F.Cu F.Paste F.Mask) (roundrect_rratio 0.25)
      (net 2 GND))
    (pad 1 smd roundrect (at -0.95 0) (size 1 1.45) (layers F.Cu F.Paste F.Mask) (roundrect_rratio 0.25)
      (net 15 "Net-(C44-Pad1)"))
    (model ${KISYS3DMOD}/Capacitor_SMD.3dshapes/C_0805_2012Metric.wrl
      (at (xyz 0 0 0))
      (scale (xyz 1 1 1))
      (rotate (xyz 0 0 0))
    )
  )

  (module Capacitor_SMD:C_0603_1608Metric (layer F.Cu) (tedit 5F68FEEE) (tstamp 619DD544)
    (at 189.255001 142.100001)
    (descr "Capacitor SMD 0603 (1608 Metric), square (rectangular) end terminal, IPC_7351 nominal, (Body size source: IPC-SM-782 page 76, https://www.pcb-3d.com/wordpress/wp-content/uploads/ipc-sm-782a_amendment_1_and_2.pdf), generated with kicad-footprint-generator")
    (tags capacitor)
    (path /61848858/618A768A)
    (attr smd)
    (fp_text reference C45 (at 0 -1.43) (layer F.SilkS)
      (effects (font (size 1 1) (thickness 0.15)))
    )
    (fp_text value 1000pF (at 0 1.43) (layer F.Fab)
      (effects (font (size 1 1) (thickness 0.15)))
    )
    (fp_text user %R (at 0 0) (layer F.Fab)
      (effects (font (size 0.4 0.4) (thickness 0.06)))
    )
    (fp_line (start -0.8 0.4) (end -0.8 -0.4) (layer F.Fab) (width 0.1))
    (fp_line (start -0.8 -0.4) (end 0.8 -0.4) (layer F.Fab) (width 0.1))
    (fp_line (start 0.8 -0.4) (end 0.8 0.4) (layer F.Fab) (width 0.1))
    (fp_line (start 0.8 0.4) (end -0.8 0.4) (layer F.Fab) (width 0.1))
    (fp_line (start -0.14058 -0.51) (end 0.14058 -0.51) (layer F.SilkS) (width 0.12))
    (fp_line (start -0.14058 0.51) (end 0.14058 0.51) (layer F.SilkS) (width 0.12))
    (fp_line (start -1.48 0.73) (end -1.48 -0.73) (layer F.CrtYd) (width 0.05))
    (fp_line (start -1.48 -0.73) (end 1.48 -0.73) (layer F.CrtYd) (width 0.05))
    (fp_line (start 1.48 -0.73) (end 1.48 0.73) (layer F.CrtYd) (width 0.05))
    (fp_line (start 1.48 0.73) (end -1.48 0.73) (layer F.CrtYd) (width 0.05))
    (pad 2 smd roundrect (at 0.775 0) (size 0.9 0.95) (layers F.Cu F.Paste F.Mask) (roundrect_rratio 0.25)
      (net 2 GND))
    (pad 1 smd roundrect (at -0.775 0) (size 0.9 0.95) (layers F.Cu F.Paste F.Mask) (roundrect_rratio 0.25)
      (net 16 /Sheet61848857/Iin_Sense))
    (model ${KISYS3DMOD}/Capacitor_SMD.3dshapes/C_0603_1608Metric.wrl
      (at (xyz 0 0 0))
      (scale (xyz 1 1 1))
      (rotate (xyz 0 0 0))
    )
  )

  (module Capacitor_SMD:C_0603_1608Metric (layer F.Cu) (tedit 5F68FEEE) (tstamp 619DD555)
    (at 174.405001 156.700001)
    (descr "Capacitor SMD 0603 (1608 Metric), square (rectangular) end terminal, IPC_7351 nominal, (Body size source: IPC-SM-782 page 76, https://www.pcb-3d.com/wordpress/wp-content/uploads/ipc-sm-782a_amendment_1_and_2.pdf), generated with kicad-footprint-generator")
    (tags capacitor)
    (path /61848858/61933E17)
    (attr smd)
    (fp_text reference C46 (at 0 -1.43) (layer F.SilkS)
      (effects (font (size 1 1) (thickness 0.15)))
    )
    (fp_text value 1000pF (at 0 1.43) (layer F.Fab)
      (effects (font (size 1 1) (thickness 0.15)))
    )
    (fp_line (start 1.48 0.73) (end -1.48 0.73) (layer F.CrtYd) (width 0.05))
    (fp_line (start 1.48 -0.73) (end 1.48 0.73) (layer F.CrtYd) (width 0.05))
    (fp_line (start -1.48 -0.73) (end 1.48 -0.73) (layer F.CrtYd) (width 0.05))
    (fp_line (start -1.48 0.73) (end -1.48 -0.73) (layer F.CrtYd) (width 0.05))
    (fp_line (start -0.14058 0.51) (end 0.14058 0.51) (layer F.SilkS) (width 0.12))
    (fp_line (start -0.14058 -0.51) (end 0.14058 -0.51) (layer F.SilkS) (width 0.12))
    (fp_line (start 0.8 0.4) (end -0.8 0.4) (layer F.Fab) (width 0.1))
    (fp_line (start 0.8 -0.4) (end 0.8 0.4) (layer F.Fab) (width 0.1))
