(kicad_pcb (version 20171130) (host pcbnew "(5.1.10)-1")

  (general
    (thickness 1.6)
    (drawings 9)
    (tracks 522)
    (zones 0)
    (modules 114)
    (nets 57)
  )

  (page A4)
  (layers
    (0 F.Cu signal)
    (31 B.Cu signal)
    (32 B.Adhes user)
    (33 F.Adhes user)
    (34 B.Paste user)
    (35 F.Paste user)
    (36 B.SilkS user)
    (37 F.SilkS user)
    (38 B.Mask user)
    (39 F.Mask user)
    (40 Dwgs.User user)
    (41 Cmts.User user)
    (42 Eco1.User user)
    (43 Eco2.User user)
    (44 Edge.Cuts user)
    (45 Margin user)
    (46 B.CrtYd user)
    (47 F.CrtYd user)
    (48 B.Fab user)
    (49 F.Fab user)
  )

  (setup
    (last_trace_width 0.25)
    (user_trace_width 0.5)
    (user_trace_width 2.2)
    (user_trace_width 3)
    (user_trace_width 3.6)
    (trace_clearance 0.2)
    (zone_clearance 0.508)
    (zone_45_only no)
    (trace_min 0.2)
    (via_size 0.8)
    (via_drill 0.4)
    (via_min_size 0.4)
    (via_min_drill 0.3)
    (uvia_size 0.3)
    (uvia_drill 0.1)
    (uvias_allowed no)
    (uvia_min_size 0.2)
    (uvia_min_drill 0.1)
    (edge_width 0.05)
    (segment_width 0.2)
    (pcb_text_width 0.3)
    (pcb_text_size 1.5 1.5)
    (mod_edge_width 0.12)
    (mod_text_size 1 1)
    (mod_text_width 0.15)
    (pad_size 1.524 1.524)
    (pad_drill 0.762)
    (pad_to_mask_clearance 0)
    (aux_axis_origin 0 0)
    (visible_elements 7FFFFFFF)
    (pcbplotparams
      (layerselection 0x010fc_ffffffff)
      (usegerberextensions true)
      (usegerberattributes false)
      (usegerberadvancedattributes false)
      (creategerberjobfile false)
      (excludeedgelayer true)
      (linewidth 0.100000)
      (plotframeref false)
      (viasonmask false)
      (mode 1)
      (useauxorigin false)
      (hpglpennumber 1)
      (hpglpenspeed 20)
      (hpglpendiameter 15.000000)
      (psnegative false)
      (psa4output false)
      (plotreference true)
      (plotvalue true)
      (plotinvisibletext false)
      (padsonsilk false)
      (subtractmaskfromsilk true)
      (outputformat 1)
      (mirror false)
      (drillshape 0)
      (scaleselection 1)
      (outputdirectory "Gerber files/"))
  )

  (net 0 "")
  (net 1 GND)
  (net 2 +5V)
  (net 3 "Net-(C28-Pad1)")
  (net 4 HSA)
  (net 5 "Net-(C34-Pad2)")
  (net 6 "Net-(C39-Pad2)")
  (net 7 HSB)
  (net 8 "Net-(C47-Pad2)")
  (net 9 Vin_Sense)
  (net 10 Vout_Sense)
  (net 11 "Net-(C50-Pad2)")
  (net 12 "Net-(C56-Pad1)")
  (net 13 "Net-(C57-Pad1)")
  (net 14 "Net-(C91-Pad2)")
  (net 15 "Net-(C91-Pad1)")
  (net 16 "Net-(C92-Pad1)")
  (net 17 "Net-(C92-Pad2)")
  (net 18 "Net-(D14-Pad2)")
  (net 19 HOA)
  (net 20 HOB)
  (net 21 "Net-(D15-Pad2)")
  (net 22 "Net-(D21-Pad2)")
  (net 23 LOA)
  (net 24 LOB)
  (net 25 "Net-(D22-Pad2)")
  (net 26 "Net-(F1-Pad2)")
  (net 27 "Net-(F2-Pad2)")
  (net 28 "Net-(J3-Pad3)")
  (net 29 "Net-(J3-Pad2)")
  (net 30 "Net-(J3-Pad1)")
  (net 31 "Net-(J4-Pad1)")
  (net 32 "Net-(J4-Pad2)")
  (net 33 "Net-(J4-Pad3)")
  (net 34 Iin_Sense-)
  (net 35 Iin_Sense+)
  (net 36 Iout_Sense+)
  (net 37 Iout_Sense-)
  (net 38 "Net-(J9-1-Pad1)")
  (net 39 "Net-(J9-1-Pad2)")
  (net 40 "Net-(J9-1-Pad3)")
  (net 41 "Net-(J9-1-Pad4)")
  (net 42 "Net-(J9-1-Pad5)")
  (net 43 "Net-(Q5-Pad1)")
  (net 44 "Net-(Q6-Pad1)")
  (net 45 "Net-(R44-Pad2)")
  (net 46 "Net-(R80-Pad2)")
  (net 47 "Net-(R82-Pad2)")
  (net 48 "Net-(R89-Pad1)")
  (net 49 "Net-(R90-Pad1)")
  (net 50 "Net-(R91-Pad2)")
  (net 51 "Net-(R92-Pad2)")
  (net 52 "Net-(R93-Pad1)")
  (net 53 "Net-(R94-Pad1)")
  (net 54 "Net-(U10-Pad4)")
  (net 55 "Net-(U10-Pad11)")
  (net 56 "Net-(U10-Pad15)")

  (net_class Default "This is the default net class."
    (clearance 0.2)
    (trace_width 0.25)
    (via_dia 0.8)
    (via_drill 0.4)
    (uvia_dia 0.3)
    (uvia_drill 0.1)
    (add_net +5V)
    (add_net GND)
    (add_net HOA)
    (add_net HOB)
    (add_net HSA)
    (add_net HSB)
    (add_net Iin_Sense+)
    (add_net Iin_Sense-)
    (add_net Iout_Sense+)
    (add_net Iout_Sense-)
    (add_net LOA)
    (add_net LOB)
    (add_net "Net-(C28-Pad1)")
    (add_net "Net-(C34-Pad2)")
    (add_net "Net-(C39-Pad2)")
    (add_net "Net-(C47-Pad2)")
    (add_net "Net-(C50-Pad2)")
    (add_net "Net-(C56-Pad1)")
    (add_net "Net-(C57-Pad1)")
    (add_net "Net-(C91-Pad1)")
    (add_net "Net-(C91-Pad2)")
    (add_net "Net-(C92-Pad1)")
    (add_net "Net-(C92-Pad2)")
    (add_net "Net-(D14-Pad2)")
    (add_net "Net-(D15-Pad2)")
    (add_net "Net-(D21-Pad2)")
    (add_net "Net-(D22-Pad2)")
    (add_net "Net-(F1-Pad2)")
    (add_net "Net-(F2-Pad2)")
    (add_net "Net-(J3-Pad1)")
    (add_net "Net-(J3-Pad2)")
    (add_net "Net-(J3-Pad3)")
    (add_net "Net-(J4-Pad1)")
    (add_net "Net-(J4-Pad2)")
    (add_net "Net-(J4-Pad3)")
    (add_net "Net-(J9-1-Pad1)")
    (add_net "Net-(J9-1-Pad2)")
    (add_net "Net-(J9-1-Pad3)")
    (add_net "Net-(J9-1-Pad4)")
    (add_net "Net-(J9-1-Pad5)")
    (add_net "Net-(Q5-Pad1)")
    (add_net "Net-(Q6-Pad1)")
    (add_net "Net-(R44-Pad2)")
    (add_net "Net-(R80-Pad2)")
    (add_net "Net-(R82-Pad2)")
    (add_net "Net-(R89-Pad1)")
    (add_net "Net-(R90-Pad1)")
    (add_net "Net-(R91-Pad2)")
    (add_net "Net-(R92-Pad2)")
    (add_net "Net-(R93-Pad1)")
    (add_net "Net-(R94-Pad1)")
    (add_net "Net-(U10-Pad11)")
    (add_net "Net-(U10-Pad15)")
    (add_net "Net-(U10-Pad4)")
    (add_net Vin_Sense)
    (add_net Vout_Sense)
  )

  (module Capacitor_SMD:C_0805_2012Metric (layer B.Cu) (tedit 5F68FEEE) (tstamp 61A04513)
    (at 154.94 105.624999 270)
    (descr "Capacitor SMD 0805 (2012 Metric), square (rectangular) end terminal, IPC_7351 nominal, (Body size source: IPC-SM-782 page 76, https://www.pcb-3d.com/wordpress/wp-content/uploads/ipc-sm-782a_amendment_1_and_2.pdf, https://docs.google.com/spreadsheets/d/1BsfQQcO9C6DZCsRaXUlFlo91Tg2WpOkGARC1WS5S8t0/edit?usp=sharing), generated with kicad-footprint-generator")
    (tags capacitor)
    (path /61D4C1EC/61748C36)
    (attr smd)
    (fp_text reference C27 (at -3.595001 -0.635 180) (layer B.SilkS)
      (effects (font (size 1 1) (thickness 0.15)) (justify left mirror))
    )
    (fp_text value 0.1uF (at 0 0 90) (layer B.SilkS)
      (effects (font (size 1.27 1.27) (thickness 0.15)) (justify mirror))
    )
    (fp_text user %R (at 0 0 90) (layer B.Fab)
      (effects (font (size 0.5 0.5) (thickness 0.08)) (justify mirror))
    )
    (fp_line (start -1 -0.625) (end -1 0.625) (layer B.Fab) (width 0.1))
    (fp_line (start -1 0.625) (end 1 0.625) (layer B.Fab) (width 0.1))
    (fp_line (start 1 0.625) (end 1 -0.625) (layer B.Fab) (width 0.1))
    (fp_line (start 1 -0.625) (end -1 -0.625) (layer B.Fab) (width 0.1))
    (fp_line (start -0.261252 0.735) (end 0.261252 0.735) (layer B.SilkS) (width 0.12))
    (fp_line (start -0.261252 -0.735) (end 0.261252 -0.735) (layer B.SilkS) (width 0.12))
    (fp_line (start -1.7 -0.98) (end -1.7 0.98) (layer B.CrtYd) (width 0.05))
    (fp_line (start -1.7 0.98) (end 1.7 0.98) (layer B.CrtYd) (width 0.05))
    (fp_line (start 1.7 0.98) (end 1.7 -0.98) (layer B.CrtYd) (width 0.05))
    (fp_line (start 1.7 -0.98) (end -1.7 -0.98) (layer B.CrtYd) (width 0.05))
    (pad 2 smd roundrect (at 0.95 0 270) (size 1 1.45) (layers B.Cu B.Paste B.Mask) (roundrect_rratio 0.25)
      (net 2 +5V))
    (pad 1 smd roundrect (at -0.95 0 270) (size 1 1.45) (layers B.Cu B.Paste B.Mask) (roundrect_rratio 0.25)
      (net 1 GND))
    (model ${KISYS3DMOD}/Capacitor_SMD.3dshapes/C_0805_2012Metric.wrl
      (at (xyz 0 0 0))
      (scale (xyz 1 1 1))
      (rotate (xyz 0 0 0))
    )
  )

  (module Package_TO_SOT_SMD:TO-263-2 (layer F.Cu) (tedit 5A70FB7B) (tstamp 61A0483D)
    (at 119.38 94.615 180)
    (descr "TO-263 / D2PAK / DDPAK SMD package, http://www.infineon.com/cms/en/product/packages/PG-TO263/PG-TO263-3-1/")
    (tags "D2PAK DDPAK TO-263 D2PAK-3 TO-263-3 SOT-404")
    (path /616B7A2A)
    (attr smd)
    (fp_text reference D11 (at 0 0) (layer F.SilkS)
      (effects (font (size 1 1) (thickness 0.15)))
    )
    (fp_text value D_Schottky (at -6.985 1.27) (layer F.SilkS)
      (effects (font (size 1 1) (thickness 0.15)))
    )
    (fp_text user %R (at 0 0) (layer F.Fab)
      (effects (font (size 1 1) (thickness 0.15)))
    )
    (fp_text user "Copyright 2021 Accelerated Designs. All rights reserved." (at 0 0) (layer Cmts.User)
      (effects (font (size 0.127 0.127) (thickness 0.002)))
    )
    (fp_text user * (at 0 0) (layer F.Fab)
      (effects (font (size 1 1) (thickness 0.15)))
    )
    (fp_text user 0.083in/2.1mm (at -5.8547 0) (layer Dwgs.User)
      (effects (font (size 1 1) (thickness 0.15)))
    )
    (fp_text user 0.055in/1.397mm (at 5.8547 -1.05) (layer Dwgs.User)
      (effects (font (size 1 1) (thickness 0.15)))
    )
    (fp_text user 0.221in/5.613mm (at 0 -5.4864) (layer Dwgs.User)
      (effects (font (size 1 1) (thickness 0.15)))
    )
    (fp_text user 0.057in/1.448mm (at -2.8067 4.8514) (layer Dwgs.User)
      (effects (font (size 1 1) (thickness 0.15)))
    )
    (fp_line (start 6.5 -5) (end 7.5 -5) (layer F.Fab) (width 0.1))
    (fp_line (start 7.5 -5) (end 7.5 5) (layer F.Fab) (width 0.1))
    (fp_line (start 7.5 5) (end 6.5 5) (layer F.Fab) (width 0.1))
    (fp_line (start 6.5 -5) (end 6.5 5) (layer F.Fab) (width 0.1))
    (fp_line (start 6.5 5) (end -2.75 5) (layer F.Fab) (width 0.1))
    (fp_line (start -2.75 5) (end -2.75 -4) (layer F.Fab) (width 0.1))
    (fp_line (start -2.75 -4) (end -1.75 -5) (layer F.Fab) (width 0.1))
    (fp_line (start -1.75 -5) (end 6.5 -5) (layer F.Fab) (width 0.1))
    (fp_line (start -2.75 -3.04) (end -7.45 -3.04) (layer F.Fab) (width 0.1))
    (fp_line (start -7.45 -3.04) (end -7.45 -2.04) (layer F.Fab) (width 0.1))
    (fp_line (start -7.45 -2.04) (end -2.75 -2.04) (layer F.Fab) (width 0.1))
    (fp_line (start -2.75 2.04) (end -7.45 2.04) (layer F.Fab) (width 0.1))
    (fp_line (start -7.45 2.04) (end -7.45 3.04) (layer F.Fab) (width 0.1))
    (fp_line (start -7.45 3.04) (end -2.75 3.04) (layer F.Fab) (width 0.1))
    (fp_line (start -1.45 -5.2) (end -2.95 -5.2) (layer F.SilkS) (width 0.12))
    (fp_line (start -2.95 -5.2) (end -2.95 -3.39) (layer F.SilkS) (width 0.12))
    (fp_line (start -2.95 -3.39) (end -8.075 -3.39) (layer F.SilkS) (width 0.12))
    (fp_line (start -1.45 5.2) (end -2.95 5.2) (layer F.SilkS) (width 0.12))
    (fp_line (start -2.95 5.2) (end -2.95 3.39) (layer F.SilkS) (width 0.12))
    (fp_line (start -2.95 3.39) (end -4.05 3.39) (layer F.SilkS) (width 0.12))
    (fp_line (start -8.32 -5.65) (end -8.32 5.65) (layer F.CrtYd) (width 0.05))
    (fp_line (start -8.32 5.65) (end 8.32 5.65) (layer F.CrtYd) (width 0.05))
    (fp_line (start 8.32 5.65) (end 8.32 -5.65) (layer F.CrtYd) (width 0.05))
    (fp_line (start 8.32 -5.65) (end -8.32 -5.65) (layer F.CrtYd) (width 0.05))
    (pad 1 smd rect (at -5.775 -2.54 180) (size 4.6 1.1) (layers F.Cu F.Paste F.Mask)
      (net 8 "Net-(C47-Pad2)"))
    (pad 3 smd rect (at -5.775 2.54 180) (size 4.6 1.1) (layers F.Cu F.Paste F.Mask))
    (pad 2 smd rect (at 3.375 0 180) (size 9.4 10.8) (layers F.Cu F.Mask)
      (net 1 GND))
    (pad "" smd rect (at 5.8 2.775 180) (size 4.55 5.25) (layers F.Paste))
    (pad "" smd rect (at 0.95 -2.775 180) (size 4.55 5.25) (layers F.Paste))
    (pad "" smd rect (at 5.8 -2.775 180) (size 4.55 5.25) (layers F.Paste))
    (pad "" smd rect (at 0.95 2.775 180) (size 4.55 5.25) (layers F.Paste))
    (model ${KISYS3DMOD}/Package_TO_SOT_SMD.3dshapes/TO-263-2.wrl
      (at (xyz 0 0 0))
      (scale (xyz 1 1 1))
      (rotate (xyz 0 0 0))
    )
  )

  (module Package_TO_SOT_SMD:TO-263-2 (layer F.Cu) (tedit 5A70FB7B) (tstamp 61A048D3)
    (at 198.12 96.52)
    (descr "TO-263 / D2PAK / DDPAK SMD package, http://www.infineon.com/cms/en/product/packages/PG-TO263/PG-TO263-3-1/")
    (tags "D2PAK DDPAK TO-263 D2PAK-3 TO-263-3 SOT-404")
    (path /617F282E)
    (attr smd)
    (fp_text reference D16 (at 0 0) (layer F.SilkS)
      (effects (font (size 1 1) (thickness 0.15)))
    )
    (fp_text value D_Schottky (at -5.08 0) (layer F.SilkS)
      (effects (font (size 1 1) (thickness 0.15)))
    )
    (fp_text user %R (at 0 0) (layer F.Fab)
      (effects (font (size 1 1) (thickness 0.15)))
    )
    (fp_text user 0.057in/1.448mm (at -2.8067 4.8514) (layer Dwgs.User)
      (effects (font (size 1 1) (thickness 0.15)))
    )
    (fp_text user 0.221in/5.613mm (at 0 -5.4864) (layer Dwgs.User)
      (effects (font (size 1 1) (thickness 0.15)))
    )
    (fp_text user 0.055in/1.397mm (at 5.8547 -1.05) (layer Dwgs.User)
      (effects (font (size 1 1) (thickness 0.15)))
    )
    (fp_text user 0.083in/2.1mm (at -5.8547 0) (layer Dwgs.User)
      (effects (font (size 1 1) (thickness 0.15)))
    )
    (fp_text user * (at 0 0) (layer F.SilkS)
      (effects (font (size 1 1) (thickness 0.15)))
    )
    (fp_text user "Copyright 2021 Accelerated Designs. All rights reserved." (at 0 0) (layer Cmts.User)
      (effects (font (size 0.127 0.127) (thickness 0.002)))
    )
    (fp_line (start 6.5 -5) (end 7.5 -5) (layer F.Fab) (width 0.1))
    (fp_line (start 7.5 -5) (end 7.5 5) (layer F.Fab) (width 0.1))
    (fp_line (start 7.5 5) (end 6.5 5) (layer F.Fab) (width 0.1))
    (fp_line (start 6.5 -5) (end 6.5 5) (layer F.Fab) (width 0.1))
    (fp_line (start 6.5 5) (end -2.75 5) (layer F.Fab) (width 0.1))
    (fp_line (start -2.75 5) (end -2.75 -4) (layer F.Fab) (width 0.1))
    (fp_line (start -2.75 -4) (end -1.75 -5) (layer F.Fab) (width 0.1))
    (fp_line (start -1.75 -5) (end 6.5 -5) (layer F.Fab) (width 0.1))
    (fp_line (start -2.75 -3.04) (end -7.45 -3.04) (layer F.Fab) (width 0.1))
    (fp_line (start -7.45 -3.04) (end -7.45 -2.04) (layer F.Fab) (width 0.1))
    (fp_line (start -7.45 -2.04) (end -2.75 -2.04) (layer F.Fab) (width 0.1))
    (fp_line (start -2.75 2.04) (end -7.45 2.04) (layer F.Fab) (width 0.1))
    (fp_line (start -7.45 2.04) (end -7.45 3.04) (layer F.Fab) (width 0.1))
    (fp_line (start -7.45 3.04) (end -2.75 3.04) (layer F.Fab) (width 0.1))
    (fp_line (start -1.45 -5.2) (end -2.95 -5.2) (layer F.SilkS) (width 0.12))
    (fp_line (start -2.95 -5.2) (end -2.95 -3.39) (layer F.SilkS) (width 0.12))
    (fp_line (start -2.95 -3.39) (end -8.075 -3.39) (layer F.SilkS) (width 0.12))
    (fp_line (start -1.45 5.2) (end -2.95 5.2) (layer F.SilkS) (width 0.12))
    (fp_line (start -2.95 5.2) (end -2.95 3.39) (layer F.SilkS) (width 0.12))
    (fp_line (start -2.95 3.39) (end -4.05 3.39) (layer F.SilkS) (width 0.12))
    (fp_line (start -8.32 -5.65) (end -8.32 5.65) (layer F.CrtYd) (width 0.05))
    (fp_line (start -8.32 5.65) (end 8.32 5.65) (layer F.CrtYd) (width 0.05))
    (fp_line (start 8.32 5.65) (end 8.32 -5.65) (layer F.CrtYd) (width 0.05))
    (fp_line (start 8.32 -5.65) (end -8.32 -5.65) (layer F.CrtYd) (width 0.05))
    (pad 1 smd rect (at -5.775 -2.54) (size 4.6 1.1) (layers F.Cu F.Paste F.Mask)
      (net 11 "Net-(C50-Pad2)"))
    (pad 3 smd rect (at -5.775 2.54) (size 4.6 1.1) (layers F.Cu F.Paste F.Mask))
    (pad 2 smd rect (at 3.375 0) (size 9.4 10.8) (layers F.Cu F.Mask)
      (net 1 GND))
    (pad "" smd rect (at 5.8 2.775) (size 4.55 5.25) (layers F.Paste))
    (pad "" smd rect (at 0.95 -2.775) (size 4.55 5.25) (layers F.Paste))
    (pad "" smd rect (at 5.8 -2.775) (size 4.55 5.25) (layers F.Paste))
    (pad "" smd rect (at 0.95 2.775) (size 4.55 5.25) (layers F.Paste))
    (model ${KISYS3DMOD}/Package_TO_SOT_SMD.3dshapes/TO-263-2.wrl
      (at (xyz 0 0 0))
      (scale (xyz 1 1 1))
      (rotate (xyz 0 0 0))
    )
  )

  (module DFLS1200-7:Diodes_Inc.-PowerDI123-03_2017-0-MFG (layer F.Cu) (tedit 5EF13F79) (tstamp 61A0484F)
    (at 140.335 72.39)
    (path /61C2CF4E)
    (fp_text reference D12 (at -1.65 -1.915) (layer F.SilkS)
      (effects (font (size 1 1) (thickness 0.15)) (justify left))
    )
    (fp_text value Device_D_Schottky (at 0 -3.175) (layer F.SilkS)
      (effects (font (size 1.27 1.27) (thickness 0.15)))
    )
    (fp_line (start 2.074999 0.99) (end 2.074999 -0.99) (layer F.CrtYd) (width 0.15))
    (fp_line (start -2.074999 0.99) (end 2.074999 0.99) (layer F.CrtYd) (width 0.15))
    (fp_line (start -2.074999 -0.99) (end -2.074999 0.99) (layer F.CrtYd) (width 0.15))
    (fp_line (start 2.074999 -0.99) (end -2.074999 -0.99) (layer F.CrtYd) (width 0.15))
    (fp_line (start 2.074999 -0.99) (end 2.074999 -0.99) (layer F.CrtYd) (width 0.15))
    (fp_line (start -1.5 1.125) (end 1.5 1.125) (layer F.SilkS) (width 0.15))
    (fp_line (start -1.5 -1.125) (end 1.5 -1.125) (layer F.SilkS) (width 0.15))
    (fp_circle (center 2.599999 0) (end 2.724999 0) (layer F.SilkS) (width 0.25))
    (fp_line (start 1.5 0.965) (end -1.5 0.965) (layer F.Fab) (width 0.15))
    (fp_line (start 1.5 -0.965) (end 1.5 0.965) (layer F.Fab) (width 0.15))
    (fp_line (start -1.5 -0.965) (end 1.5 -0.965) (layer F.Fab) (width 0.15))
    (fp_line (start -1.5 0.965) (end -1.5 -0.965) (layer F.Fab) (width 0.15))
    (pad 1 smd rect (at 0.849999 0) (size 2.4 1.5) (layers F.Cu F.Paste F.Mask)
      (net 8 "Net-(C47-Pad2)"))
    (pad 2 smd rect (at -1.525 0) (size 1.05 1.5) (layers F.Cu F.Paste F.Mask)
      (net 4 HSA))
    (model eec.models/Diodes_Inc._-_DFLS1200-7.step
      (at (xyz 0 0 0))
      (scale (xyz 1 1 1))
      (rotate (xyz 0 0 0))
    )
  )

  (module DFLS1200-7:Diodes_Inc.-PowerDI123-03_2017-0-MFG (layer F.Cu) (tedit 5EF13F79) (tstamp 61A04861)
    (at 178.308 66.167 180)
    (path /61C46C4B)
    (fp_text reference D13 (at -1.65 -1.915) (layer F.SilkS)
      (effects (font (size 1 1) (thickness 0.15)) (justify right))
    )
    (fp_text value Device_D_Schottky (at 0 0) (layer F.SilkS)
      (effects (font (size 1.27 1.27) (thickness 0.15)))
    )
    (fp_line (start 2.074999 0.99) (end 2.074999 -0.99) (layer F.CrtYd) (width 0.15))
    (fp_line (start -2.074999 0.99) (end 2.074999 0.99) (layer F.CrtYd) (width 0.15))
    (fp_line (start -2.074999 -0.99) (end -2.074999 0.99) (layer F.CrtYd) (width 0.15))
    (fp_line (start 2.074999 -0.99) (end -2.074999 -0.99) (layer F.CrtYd) (width 0.15))
    (fp_line (start 2.074999 -0.99) (end 2.074999 -0.99) (layer F.CrtYd) (width 0.15))
    (fp_line (start -1.5 1.125) (end 1.5 1.125) (layer F.SilkS) (width 0.15))
    (fp_line (start -1.5 -1.125) (end 1.5 -1.125) (layer F.SilkS) (width 0.15))
    (fp_circle (center 2.599999 0) (end 2.724999 0) (layer F.SilkS) (width 0.25))
    (fp_line (start 1.5 0.965) (end -1.5 0.965) (layer F.Fab) (width 0.15))
    (fp_line (start 1.5 -0.965) (end 1.5 0.965) (layer F.Fab) (width 0.15))
    (fp_line (start -1.5 -0.965) (end 1.5 -0.965) (layer F.Fab) (width 0.15))
    (fp_line (start -1.5 0.965) (end -1.5 -0.965) (layer F.Fab) (width 0.15))
    (pad 1 smd rect (at 0.849999 0 180) (size 2.4 1.5) (layers F.Cu F.Paste F.Mask)
      (net 11 "Net-(C50-Pad2)"))
    (pad 2 smd rect (at -1.525 0 180) (size 1.05 1.5) (layers F.Cu F.Paste F.Mask)
      (net 7 HSB))
    (model eec.models/Diodes_Inc._-_DFLS1200-7.step
      (at (xyz 0 0 0))
      (scale (xyz 1 1 1))
      (rotate (xyz 0 0 0))
    )
  )

  (module DFLS1200-7:Diodes_Inc.-PowerDI123-03_2017-0-MFG (layer F.Cu) (tedit 5EF13F79) (tstamp 61A048E5)
    (at 140.335 79.375)
    (path /61C48908)
    (fp_text reference D17 (at -1.65 -1.915) (layer F.SilkS)
      (effects (font (size 1 1) (thickness 0.15)) (justify left))
    )
    (fp_text value Device_D_Schottky (at 0 0) (layer F.SilkS)
      (effects (font (size 1.27 1.27) (thickness 0.15)))
    )
    (fp_line (start -1.5 0.965) (end -1.5 -0.965) (layer F.Fab) (width 0.15))
    (fp_line (start -1.5 -0.965) (end 1.5 -0.965) (layer F.Fab) (width 0.15))
    (fp_line (start 1.5 -0.965) (end 1.5 0.965) (layer F.Fab) (width 0.15))
    (fp_line (start 1.5 0.965) (end -1.5 0.965) (layer F.Fab) (width 0.15))
    (fp_circle (center 2.599999 0) (end 2.724999 0) (layer F.SilkS) (width 0.25))
    (fp_line (start -1.5 -1.125) (end 1.5 -1.125) (layer F.SilkS) (width 0.15))
    (fp_line (start -1.5 1.125) (end 1.5 1.125) (layer F.SilkS) (width 0.15))
    (fp_line (start 2.074999 -0.99) (end 2.074999 -0.99) (layer F.CrtYd) (width 0.15))
    (fp_line (start 2.074999 -0.99) (end -2.074999 -0.99) (layer F.CrtYd) (width 0.15))
    (fp_line (start -2.074999 -0.99) (end -2.074999 0.99) (layer F.CrtYd) (width 0.15))
    (fp_line (start -2.074999 0.99) (end 2.074999 0.99) (layer F.CrtYd) (width 0.15))
    (fp_line (start 2.074999 0.99) (end 2.074999 -0.99) (layer F.CrtYd) (width 0.15))
    (pad 2 smd rect (at -1.525 0) (size 1.05 1.5) (layers F.Cu F.Paste F.Mask)
      (net 1 GND))
    (pad 1 smd rect (at 0.849999 0) (size 2.4 1.5) (layers F.Cu F.Paste F.Mask)
      (net 4 HSA))
    (model eec.models/Diodes_Inc._-_DFLS1200-7.step
      (at (xyz 0 0 0))
      (scale (xyz 1 1 1))
      (rotate (xyz 0 0 0))
    )
  )

  (module DFLS1200-7:Diodes_Inc.-PowerDI123-03_2017-0-MFG (layer F.Cu) (tedit 5EF13F79) (tstamp 61A048F7)
    (at 147.955 85.725 180)
    (path /61C4CA76)
    (fp_text reference D18 (at -1.65 -1.915) (layer F.SilkS)
      (effects (font (size 1 1) (thickness 0.15)) (justify right))
    )
    (fp_text value Device_D_Schottky (at 1.27 -3.175) (layer F.SilkS)
      (effects (font (size 1.27 1.27) (thickness 0.15)))
    )
    (fp_line (start 2.074999 0.99) (end 2.074999 -0.99) (layer F.CrtYd) (width 0.15))
    (fp_line (start -2.074999 0.99) (end 2.074999 0.99) (layer F.CrtYd) (width 0.15))
    (fp_line (start -2.074999 -0.99) (end -2.074999 0.99) (layer F.CrtYd) (width 0.15))
    (fp_line (start 2.074999 -0.99) (end -2.074999 -0.99) (layer F.CrtYd) (width 0.15))
    (fp_line (start 2.074999 -0.99) (end 2.074999 -0.99) (layer F.CrtYd) (width 0.15))
    (fp_line (start -1.5 1.125) (end 1.5 1.125) (layer F.SilkS) (width 0.15))
    (fp_line (start -1.5 -1.125) (end 1.5 -1.125) (layer F.SilkS) (width 0.15))
    (fp_circle (center 2.599999 0) (end 2.724999 0) (layer F.SilkS) (width 0.25))
    (fp_line (start 1.5 0.965) (end -1.5 0.965) (layer F.Fab) (width 0.15))
    (fp_line (start 1.5 -0.965) (end 1.5 0.965) (layer F.Fab) (width 0.15))
    (fp_line (start -1.5 -0.965) (end 1.5 -0.965) (layer F.Fab) (width 0.15))
    (fp_line (start -1.5 0.965) (end -1.5 -0.965) (layer F.Fab) (width 0.15))
    (pad 1 smd rect (at 0.849999 0 180) (size 2.4 1.5) (layers F.Cu F.Paste F.Mask)
      (net 1 GND))
    (pad 2 smd rect (at -1.525 0 180) (size 1.05 1.5) (layers F.Cu F.Paste F.Mask)
      (net 12 "Net-(C56-Pad1)"))
    (model eec.models/Diodes_Inc._-_DFLS1200-7.step
      (at (xyz 0 0 0))
      (scale (xyz 1 1 1))
      (rotate (xyz 0 0 0))
    )
  )

  (module DFLS1200-7:Diodes_Inc.-PowerDI123-03_2017-0-MFG (layer F.Cu) (tedit 5EF13F79) (tstamp 61A04909)
    (at 169.545 86.36)
    (path /61C4D743)
    (fp_text reference D19 (at -1.65 -1.915) (layer F.SilkS)
      (effects (font (size 1 1) (thickness 0.15)) (justify left))
    )
    (fp_text value Device_D_Schottky (at 0 0) (layer F.SilkS)
      (effects (font (size 1.27 1.27) (thickness 0.15)))
    )
    (fp_line (start -1.5 0.965) (end -1.5 -0.965) (layer F.Fab) (width 0.15))
    (fp_line (start -1.5 -0.965) (end 1.5 -0.965) (layer F.Fab) (width 0.15))
    (fp_line (start 1.5 -0.965) (end 1.5 0.965) (layer F.Fab) (width 0.15))
    (fp_line (start 1.5 0.965) (end -1.5 0.965) (layer F.Fab) (width 0.15))
    (fp_circle (center 2.599999 0) (end 2.724999 0) (layer F.SilkS) (width 0.25))
    (fp_line (start -1.5 -1.125) (end 1.5 -1.125) (layer F.SilkS) (width 0.15))
    (fp_line (start -1.5 1.125) (end 1.5 1.125) (layer F.SilkS) (width 0.15))
    (fp_line (start 2.074999 -0.99) (end 2.074999 -0.99) (layer F.CrtYd) (width 0.15))
    (fp_line (start 2.074999 -0.99) (end -2.074999 -0.99) (layer F.CrtYd) (width 0.15))
    (fp_line (start -2.074999 -0.99) (end -2.074999 0.99) (layer F.CrtYd) (width 0.15))
    (fp_line (start -2.074999 0.99) (end 2.074999 0.99) (layer F.CrtYd) (width 0.15))
    (fp_line (start 2.074999 0.99) (end 2.074999 -0.99) (layer F.CrtYd) (width 0.15))
    (pad 2 smd rect (at -1.525 0) (size 1.05 1.5) (layers F.Cu F.Paste F.Mask)
      (net 13 "Net-(C57-Pad1)"))
    (pad 1 smd rect (at 0.849999 0) (size 2.4 1.5) (layers F.Cu F.Paste F.Mask)
      (net 1 GND))
    (model eec.models/Diodes_Inc._-_DFLS1200-7.step
      (at (xyz 0 0 0))
      (scale (xyz 1 1 1))
      (rotate (xyz 0 0 0))
    )
  )

  (module DFLS1200-7:Diodes_Inc.-PowerDI123-03_2017-0-MFG (layer F.Cu) (tedit 5EF13F79) (tstamp 61A0491B)
    (at 177.038 81.28 180)
    (path /61C63E17)
    (fp_text reference D20 (at -1.65 -1.915) (layer F.SilkS)
      (effects (font (size 1 1) (thickness 0.15)) (justify right))
    )
    (fp_text value Device_D_Schottky (at 0.508 1.905) (layer F.SilkS)
      (effects (font (size 1.27 1.27) (thickness 0.15)))
    )
    (fp_line (start 2.074999 0.99) (end 2.074999 -0.99) (layer F.CrtYd) (width 0.15))
    (fp_line (start -2.074999 0.99) (end 2.074999 0.99) (layer F.CrtYd) (width 0.15))
    (fp_line (start -2.074999 -0.99) (end -2.074999 0.99) (layer F.CrtYd) (width 0.15))
    (fp_line (start 2.074999 -0.99) (end -2.074999 -0.99) (layer F.CrtYd) (width 0.15))
    (fp_line (start 2.074999 -0.99) (end 2.074999 -0.99) (layer F.CrtYd) (width 0.15))
    (fp_line (start -1.5 1.125) (end 1.5 1.125) (layer F.SilkS) (width 0.15))
    (fp_line (start -1.5 -1.125) (end 1.5 -1.125) (layer F.SilkS) (width 0.15))
    (fp_circle (center 2.599999 0) (end 2.724999 0) (layer F.SilkS) (width 0.25))
    (fp_line (start 1.5 0.965) (end -1.5 0.965) (layer F.Fab) (width 0.15))
    (fp_line (start 1.5 -0.965) (end 1.5 0.965) (layer F.Fab) (width 0.15))
    (fp_line (start -1.5 -0.965) (end 1.5 -0.965) (layer F.Fab) (width 0.15))
    (fp_line (start -1.5 0.965) (end -1.5 -0.965) (layer F.Fab) (width 0.15))
    (pad 1 smd rect (at 0.849999 0 180) (size 2.4 1.5) (layers F.Cu F.Paste F.Mask)
      (net 7 HSB))
    (pad 2 smd rect (at -1.525 0 180) (size 1.05 1.5) (layers F.Cu F.Paste F.Mask)
      (net 1 GND))
    (model eec.models/Diodes_Inc._-_DFLS1200-7.step
      (at (xyz 0 0 0))
      (scale (xyz 1 1 1))
      (rotate (xyz 0 0 0))
    )
  )

  (module Capacitor_SMD:C_0805_2012Metric (layer F.Cu) (tedit 5F68FEEE) (tstamp 61A04589)
    (at 193.675 60.325 270)
    (descr "Capacitor SMD 0805 (2012 Metric), square (rectangular) end terminal, IPC_7351 nominal, (Body size source: IPC-SM-782 page 76, https://www.pcb-3d.com/wordpress/wp-content/uploads/ipc-sm-782a_amendment_1_and_2.pdf, https://docs.google.com/spreadsheets/d/1BsfQQcO9C6DZCsRaXUlFlo91Tg2WpOkGARC1WS5S8t0/edit?usp=sharing), generated with kicad-footprint-generator")
    (tags capacitor)
    (path /617F2877)
    (attr smd)
    (fp_text reference C49 (at 0 -1.68 90) (layer F.SilkS)
      (effects (font (size 1 1) (thickness 0.15)))
    )
    (fp_text value .01uF (at 0 1.68 90) (layer F.Fab)
      (effects (font (size 1 1) (thickness 0.15)))
    )
    (fp_line (start -1 0.625) (end -1 -0.625) (layer F.Fab) (width 0.1))
    (fp_line (start -1 -0.625) (end 1 -0.625) (layer F.Fab) (width 0.1))
    (fp_line (start 1 -0.625) (end 1 0.625) (layer F.Fab) (width 0.1))
    (fp_line (start 1 0.625) (end -1 0.625) (layer F.Fab) (width 0.1))
    (fp_line (start -0.261252 -0.735) (end 0.261252 -0.735) (layer F.SilkS) (width 0.12))
    (fp_line (start -0.261252 0.735) (end 0.261252 0.735) (layer F.SilkS) (width 0.12))
    (fp_line (start -1.7 0.98) (end -1.7 -0.98) (layer F.CrtYd) (width 0.05))
    (fp_line (start -1.7 -0.98) (end 1.7 -0.98) (layer F.CrtYd) (width 0.05))
    (fp_line (start 1.7 -0.98) (end 1.7 0.98) (layer F.CrtYd) (width 0.05))
    (fp_line (start 1.7 0.98) (end -1.7 0.98) (layer F.CrtYd) (width 0.05))
    (fp_text user %R (at 0 0 90) (layer F.Fab)
      (effects (font (size 0.5 0.5) (thickness 0.08)))
    )
    (pad 2 smd roundrect (at 0.95 0 270) (size 1 1.45) (layers F.Cu F.Paste F.Mask) (roundrect_rratio 0.25)
      (net 10 Vout_Sense))
    (pad 1 smd roundrect (at -0.95 0 270) (size 1 1.45) (layers F.Cu F.Paste F.Mask) (roundrect_rratio 0.25)
      (net 1 GND))
    (model ${KISYS3DMOD}/Capacitor_SMD.3dshapes/C_0805_2012Metric.wrl
      (at (xyz 0 0 0))
      (scale (xyz 1 1 1))
      (rotate (xyz 0 0 0))
    )
  )

  (module Capacitor_SMD:C_0805_2012Metric (layer F.Cu) (tedit 5F68FEEE) (tstamp 61A04578)
    (at 121.285 58.42 270)
    (descr "Capacitor SMD 0805 (2012 Metric), square (rectangular) end terminal, IPC_7351 nominal, (Body size source: IPC-SM-782 page 76, https://www.pcb-3d.com/wordpress/wp-content/uploads/ipc-sm-782a_amendment_1_and_2.pdf, https://docs.google.com/spreadsheets/d/1BsfQQcO9C6DZCsRaXUlFlo91Tg2WpOkGARC1WS5S8t0/edit?usp=sharing), generated with kicad-footprint-generator")
    (tags capacitor)
    (path /616C6BDE)
    (attr smd)
    (fp_text reference C48 (at 0 -1.68 90) (layer F.SilkS)
      (effects (font (size 1 1) (thickness 0.15)))
    )
    (fp_text value .01uF (at 0 1.68 90) (layer F.Fab)
      (effects (font (size 1 1) (thickness 0.15)))
    )
    (fp_line (start 1.7 0.98) (end -1.7 0.98) (layer F.CrtYd) (width 0.05))
    (fp_line (start 1.7 -0.98) (end 1.7 0.98) (layer F.CrtYd) (width 0.05))
    (fp_line (start -1.7 -0.98) (end 1.7 -0.98) (layer F.CrtYd) (width 0.05))
    (fp_line (start -1.7 0.98) (end -1.7 -0.98) (layer F.CrtYd) (width 0.05))
    (fp_line (start -0.261252 0.735) (end 0.261252 0.735) (layer F.SilkS) (width 0.12))
    (fp_line (start -0.261252 -0.735) (end 0.261252 -0.735) (layer F.SilkS) (width 0.12))
    (fp_line (start 1 0.625) (end -1 0.625) (layer F.Fab) (width 0.1))
    (fp_line (start 1 -0.625) (end 1 0.625) (layer F.Fab) (width 0.1))
    (fp_line (start -1 -0.625) (end 1 -0.625) (layer F.Fab) (width 0.1))
    (fp_line (start -1 0.625) (end -1 -0.625) (layer F.Fab) (width 0.1))
    (fp_text user %R (at 0 0 90) (layer F.Fab)
      (effects (font (size 0.5 0.5) (thickness 0.08)))
    )
    (pad 1 smd roundrect (at -0.95 0 270) (size 1 1.45) (layers F.Cu F.Paste F.Mask) (roundrect_rratio 0.25)
      (net 1 GND))
    (pad 2 smd roundrect (at 0.95 0 270) (size 1 1.45) (layers F.Cu F.Paste F.Mask) (roundrect_rratio 0.25)
      (net 9 Vin_Sense))
    (model ${KISYS3DMOD}/Capacitor_SMD.3dshapes/C_0805_2012Metric.wrl
      (at (xyz 0 0 0))
      (scale (xyz 1 1 1))
      (rotate (xyz 0 0 0))
    )
  )

  (module Capacitor_SMD:C_0805_2012Metric (layer B.Cu) (tedit 5F68FEEE) (tstamp 61A04557)
    (at 152.4 105.41 90)
    (descr "Capacitor SMD 0805 (2012 Metric), square (rectangular) end terminal, IPC_7351 nominal, (Body size source: IPC-SM-782 page 76, https://www.pcb-3d.com/wordpress/wp-content/uploads/ipc-sm-782a_amendment_1_and_2.pdf, https://docs.google.com/spreadsheets/d/1BsfQQcO9C6DZCsRaXUlFlo91Tg2WpOkGARC1WS5S8t0/edit?usp=sharing), generated with kicad-footprint-generator")
    (tags capacitor)
    (path /61D4C1EC/617AC194)
    (attr smd)
    (fp_text reference C39 (at -2.54 0 180) (layer B.SilkS)
      (effects (font (size 1 1) (thickness 0.15)) (justify mirror))
    )
    (fp_text value 0.47uF (at 0 -1.68 90) (layer B.Fab)
      (effects (font (size 1 1) (thickness 0.15)) (justify mirror))
    )
    (fp_line (start -1 -0.625) (end -1 0.625) (layer B.Fab) (width 0.1))
    (fp_line (start -1 0.625) (end 1 0.625) (layer B.Fab) (width 0.1))
    (fp_line (start 1 0.625) (end 1 -0.625) (layer B.Fab) (width 0.1))
    (fp_line (start 1 -0.625) (end -1 -0.625) (layer B.Fab) (width 0.1))
    (fp_line (start -0.261252 0.735) (end 0.261252 0.735) (layer B.SilkS) (width 0.12))
    (fp_line (start -0.261252 -0.735) (end 0.261252 -0.735) (layer B.SilkS) (width 0.12))
    (fp_line (start -1.7 -0.98) (end -1.7 0.98) (layer B.CrtYd) (width 0.05))
    (fp_line (start -1.7 0.98) (end 1.7 0.98) (layer B.CrtYd) (width 0.05))
    (fp_line (start 1.7 0.98) (end 1.7 -0.98) (layer B.CrtYd) (width 0.05))
    (fp_line (start 1.7 -0.98) (end -1.7 -0.98) (layer B.CrtYd) (width 0.05))
    (fp_text user %R (at 0 0 90) (layer B.Fab)
      (effects (font (size 0.5 0.5) (thickness 0.08)) (justify mirror))
    )
    (pad 2 smd roundrect (at 0.95 0 90) (size 1 1.45) (layers B.Cu B.Paste B.Mask) (roundrect_rratio 0.25)
      (net 6 "Net-(C39-Pad2)"))
    (pad 1 smd roundrect (at -0.95 0 90) (size 1 1.45) (layers B.Cu B.Paste B.Mask) (roundrect_rratio 0.25)
      (net 7 HSB))
    (model ${KISYS3DMOD}/Capacitor_SMD.3dshapes/C_0805_2012Metric.wrl
      (at (xyz 0 0 0))
      (scale (xyz 1 1 1))
      (rotate (xyz 0 0 0))
    )
  )

  (module Capacitor_SMD:C_0805_2012Metric (layer F.Cu) (tedit 5F68FEEE) (tstamp 61A04546)
    (at 152.4 95.25 270)
    (descr "Capacitor SMD 0805 (2012 Metric), square (rectangular) end terminal, IPC_7351 nominal, (Body size source: IPC-SM-782 page 76, https://www.pcb-3d.com/wordpress/wp-content/uploads/ipc-sm-782a_amendment_1_and_2.pdf, https://docs.google.com/spreadsheets/d/1BsfQQcO9C6DZCsRaXUlFlo91Tg2WpOkGARC1WS5S8t0/edit?usp=sharing), generated with kicad-footprint-generator")
    (tags capacitor)
    (path /61D4C1EC/617AE040)
    (attr smd)
    (fp_text reference C34 (at -2.54 0) (layer F.SilkS)
      (effects (font (size 1 1) (thickness 0.15)))
    )
    (fp_text value 0.47uF (at 0 1.68 90) (layer F.Fab)
      (effects (font (size 1 1) (thickness 0.15)))
    )
    (fp_line (start 1.7 0.98) (end -1.7 0.98) (layer F.CrtYd) (width 0.05))
    (fp_line (start 1.7 -0.98) (end 1.7 0.98) (layer F.CrtYd) (width 0.05))
    (fp_line (start -1.7 -0.98) (end 1.7 -0.98) (layer F.CrtYd) (width 0.05))
    (fp_line (start -1.7 0.98) (end -1.7 -0.98) (layer F.CrtYd) (width 0.05))
    (fp_line (start -0.261252 0.735) (end 0.261252 0.735) (layer F.SilkS) (width 0.12))
    (fp_line (start -0.261252 -0.735) (end 0.261252 -0.735) (layer F.SilkS) (width 0.12))
    (fp_line (start 1 0.625) (end -1 0.625) (layer F.Fab) (width 0.1))
    (fp_line (start 1 -0.625) (end 1 0.625) (layer F.Fab) (width 0.1))
    (fp_line (start -1 -0.625) (end 1 -0.625) (layer F.Fab) (width 0.1))
    (fp_line (start -1 0.625) (end -1 -0.625) (layer F.Fab) (width 0.1))
    (fp_text user %R (at 0 0 270) (layer F.Fab)
      (effects (font (size 0.5 0.5) (thickness 0.08)))
    )
    (pad 1 smd roundrect (at -0.95 0 270) (size 1 1.45) (layers F.Cu F.Paste F.Mask) (roundrect_rratio 0.25)
      (net 4 HSA))
    (pad 2 smd roundrect (at 0.95 0 270) (size 1 1.45) (layers F.Cu F.Paste F.Mask) (roundrect_rratio 0.25)
      (net 5 "Net-(C34-Pad2)"))
    (model ${KISYS3DMOD}/Capacitor_SMD.3dshapes/C_0805_2012Metric.wrl
      (at (xyz 0 0 0))
      (scale (xyz 1 1 1))
      (rotate (xyz 0 0 0))
    )
  )

  (module Capacitor_SMD:C_0805_2012Metric (layer B.Cu) (tedit 5F68FEEE) (tstamp 61A04535)
    (at 152.4 100.965 90)
    (descr "Capacitor SMD 0805 (2012 Metric), square (rectangular) end terminal, IPC_7351 nominal, (Body size source: IPC-SM-782 page 76, https://www.pcb-3d.com/wordpress/wp-content/uploads/ipc-sm-782a_amendment_1_and_2.pdf, https://docs.google.com/spreadsheets/d/1BsfQQcO9C6DZCsRaXUlFlo91Tg2WpOkGARC1WS5S8t0/edit?usp=sharing), generated with kicad-footprint-generator")
    (tags capacitor)
    (path /61D4C1EC/61749BAD)
    (attr smd)
    (fp_text reference C33 (at 2.54 0) (layer B.SilkS)
      (effects (font (size 1 1) (thickness 0.15)) (justify mirror))
    )
    (fp_text value 1uF (at 0 -1.68 90) (layer B.Fab)
      (effects (font (size 1 1) (thickness 0.15)) (justify mirror))
    )
    (fp_line (start -1 -0.625) (end -1 0.625) (layer B.Fab) (width 0.1))
    (fp_line (start -1 0.625) (end 1 0.625) (layer B.Fab) (width 0.1))
    (fp_line (start 1 0.625) (end 1 -0.625) (layer B.Fab) (width 0.1))
    (fp_line (start 1 -0.625) (end -1 -0.625) (layer B.Fab) (width 0.1))
    (fp_line (start -0.261252 0.735) (end 0.261252 0.735) (layer B.SilkS) (width 0.12))
    (fp_line (start -0.261252 -0.735) (end 0.261252 -0.735) (layer B.SilkS) (width 0.12))
    (fp_line (start -1.7 -0.98) (end -1.7 0.98) (layer B.CrtYd) (width 0.05))
    (fp_line (start -1.7 0.98) (end 1.7 0.98) (layer B.CrtYd) (width 0.05))
    (fp_line (start 1.7 0.98) (end 1.7 -0.98) (layer B.CrtYd) (width 0.05))
    (fp_line (start 1.7 -0.98) (end -1.7 -0.98) (layer B.CrtYd) (width 0.05))
    (fp_text user %R (at 0 0 90) (layer B.Fab)
      (effects (font (size 0.5 0.5) (thickness 0.08)) (justify mirror))
    )
    (pad 2 smd roundrect (at 0.95 0 90) (size 1 1.45) (layers B.Cu B.Paste B.Mask) (roundrect_rratio 0.25)
      (net 1 GND))
    (pad 1 smd roundrect (at -0.95 0 90) (size 1 1.45) (layers B.Cu B.Paste B.Mask) (roundrect_rratio 0.25)
      (net 3 "Net-(C28-Pad1)"))
    (model ${KISYS3DMOD}/Capacitor_SMD.3dshapes/C_0805_2012Metric.wrl
      (at (xyz 0 0 0))
      (scale (xyz 1 1 1))
      (rotate (xyz 0 0 0))
    )
  )

  (module Capacitor_SMD:C_0805_2012Metric (layer B.Cu) (tedit 5F68FEEE) (tstamp 61A04524)
    (at 154.94 100.965 90)
    (descr "Capacitor SMD 0805 (2012 Metric), square (rectangular) end terminal, IPC_7351 nominal, (Body size source: IPC-SM-782 page 76, https://www.pcb-3d.com/wordpress/wp-content/uploads/ipc-sm-782a_amendment_1_and_2.pdf, https://docs.google.com/spreadsheets/d/1BsfQQcO9C6DZCsRaXUlFlo91Tg2WpOkGARC1WS5S8t0/edit?usp=sharing), generated with kicad-footprint-generator")
    (tags capacitor)
    (path /61D4C1EC/61749682)
    (attr smd)
    (fp_text reference C28 (at 2.54 0 180) (layer B.SilkS)
      (effects (font (size 1 1) (thickness 0.15)) (justify mirror))
    )
    (fp_text value 1uF (at 0 -1.68 90) (layer B.Fab)
      (effects (font (size 1 1) (thickness 0.15)) (justify mirror))
    )
    (fp_line (start 1.7 -0.98) (end -1.7 -0.98) (layer B.CrtYd) (width 0.05))
    (fp_line (start 1.7 0.98) (end 1.7 -0.98) (layer B.CrtYd) (width 0.05))
    (fp_line (start -1.7 0.98) (end 1.7 0.98) (layer B.CrtYd) (width 0.05))
    (fp_line (start -1.7 -0.98) (end -1.7 0.98) (layer B.CrtYd) (width 0.05))
    (fp_line (start -0.261252 -0.735) (end 0.261252 -0.735) (layer B.SilkS) (width 0.12))
    (fp_line (start -0.261252 0.735) (end 0.261252 0.735) (layer B.SilkS) (width 0.12))
    (fp_line (start 1 -0.625) (end -1 -0.625) (layer B.Fab) (width 0.1))
    (fp_line (start 1 0.625) (end 1 -0.625) (layer B.Fab) (width 0.1))
    (fp_line (start -1 0.625) (end 1 0.625) (layer B.Fab) (width 0.1))
    (fp_line (start -1 -0.625) (end -1 0.625) (layer B.Fab) (width 0.1))
    (fp_text user %R (at 0 0 90) (layer B.Fab)
      (effects (font (size 0.5 0.5) (thickness 0.08)) (justify mirror))
    )
    (pad 1 smd roundrect (at -0.95 0 90) (size 1 1.45) (layers B.Cu B.Paste B.Mask) (roundrect_rratio 0.25)
      (net 3 "Net-(C28-Pad1)"))
    (pad 2 smd roundrect (at 0.95 0 90) (size 1 1.45) (layers B.Cu B.Paste B.Mask) (roundrect_rratio 0.25)
      (net 1 GND))
    (model ${KISYS3DMOD}/Capacitor_SMD.3dshapes/C_0805_2012Metric.wrl
      (at (xyz 0 0 0))
      (scale (xyz 1 1 1))
      (rotate (xyz 0 0 0))
    )
  )

  (module Connector_PinSocket_2.00mm:PinSocket_1x01_P2.00mm_Vertical (layer F.Cu) (tedit 5A19A430) (tstamp 61A32E2D)
    (at 139.7 118.11)
    (descr "Through hole straight socket strip, 1x01, 2.00mm pitch, single row (from Kicad 4.0.7), script generated")
    (tags "Through hole socket strip THT 1x01 2.00mm single row")
    (path /620069BA)
    (fp_text reference J11 (at 0 -2.5) (layer F.SilkS)
      (effects (font (size 1 1) (thickness 0.15)))
    )
    (fp_text value 5V_conn (at 0 2.5) (layer F.Fab)
      (effects (font (size 1 1) (thickness 0.15)))
    )
    (fp_line (start -1.5 1.5) (end -1.5 -1.5) (layer F.CrtYd) (width 0.05))
    (fp_line (start 1.5 1.5) (end -1.5 1.5) (layer F.CrtYd) (width 0.05))
    (fp_line (start 1.5 -1.5) (end 1.5 1.5) (layer F.CrtYd) (width 0.05))
    (fp_line (start -1.5 -1.5) (end 1.5 -1.5) (layer F.CrtYd) (width 0.05))
    (fp_line (start 0 -1.06) (end 1.06 -1.06) (layer F.SilkS) (width 0.12))
    (fp_line (start 1.06 -1.06) (end 1.06 0) (layer F.SilkS) (width 0.12))
    (fp_line (start 1.06 0.94) (end 1.06 1.06) (layer F.SilkS) (width 0.12))
    (fp_line (start -1.06 0.94) (end -1.06 1.06) (layer F.SilkS) (width 0.12))
    (fp_line (start -1.06 1.06) (end 1.06 1.06) (layer F.SilkS) (width 0.12))
    (fp_line (start -1 1) (end -1 -1) (layer F.Fab) (width 0.1))
    (fp_line (start 1 1) (end -1 1) (layer F.Fab) (width 0.1))
